Model	Iteration	Variable	Subsampled	MinObs	decay	logLoss	logLossSD	AIC	AUC	Accuracy	AccuracySD	Kappa
m1	1	Egg	2	2	0.1	1.06117157739378	0.301923382494071	164.070651829004	0.966614906832298	0.479003968253968	0.19410610077063	0.422719179873103
m2	1	Egg	2	2	1e-04	0.816965944952034	0.690926704269404	181.380072738427	0.97312925170068	0.53568253968254	0.222437284844947	0.482971124043039
m3	1	Egg	2	2	0.1	1.83674358142769	0.20266987151972	135.15146021015	0.844238095238095	0.152757936507937	0.130395548907129	0.0975220983137178
m4	1	Egg	2	2	0.1	1.52894626742485	0.298469656373023	137.68192728113	0.914596273291925	0.363972222222222	0.169780452990222	0.307660300426335
m5	1	Egg	2	2	0.1	2.13610676204187	0.368012989804962	135.358976705054	0.753364389233954	0.148642857142857	0.122864460962075	0.106141449585158
m6	1	Egg	2	2	1e-04	1.19606622513298	0.445769805456547	143.131290388488	0.944786535303777	0.337099206349206	0.166053048776907	0.263369462789123
m7	1	Egg	2	2	1e-04	1.16792868014898	0.635249659451682	117.639556784633	0.91733630952381	0.307234126984127	0.149134510769012	0.24108505233925
m1	2	Egg	2	2	1e-04	0.716243493209106	0.451081085105146	165.746216007995	0.981349206349206	0.477507936507936	0.216163269581067	0.416838600827416
m2	2	Egg	2	2	1e-04	0.436220944139272	0.21127828373644	177.879102015059	0.988539682539682	0.498015873015873	0.201638417188685	0.440325600587681
m3	2	Egg	2	2	0.1	1.56776395657665	0.175937607442524	145.406347079053	0.918857142857143	0.193424603174603	0.140327319109347	0.138153770798578
m4	2	Egg	2	2	0.1	1.21536858015698	0.257256876318539	165.844737124433	0.963238095238095	0.42209126984127	0.180708376400718	0.361604153022433
m5	2	Egg	2	2	0.1	1.88071248294877	0.331148781792284	133.042824187727	0.839285714285714	0.195670634920635	0.128369245626348	0.13845732721593
m6	2	Egg	2	2	0.1	1.54387387366503	0.283349240817329	151.689203037416	0.860651629072682	0.289900793650794	0.137913918886852	0.230259209586922
m7	2	Egg	2	2	1e-04	1.11812246105167	0.616175273488232	117.639556737342	0.921018062397373	0.331865079365079	0.145444175798542	0.266332029653347
m1	3	Egg	2	2	1e-04	0.875236684776066	0.581630349850792	180.029472485602	0.970859213250518	0.499980158730159	0.191914383455219	0.437773918161245
m2	3	Egg	2	2	1e-04	0.466234497010153	0.314389136951135	177.879102015059	0.981018518518519	0.490115079365079	0.191529600528641	0.429318711054275
m3	3	Egg	2	2	1e-04	1.51719131337385	0.707679591225443	145.406347079053	0.928282828282828	0.222373015873016	0.144755392166006	0.161441502902888
m4	3	Egg	2	2	0.1	1.33155315567607	0.19856350213051	163.819085034456	0.925044091710758	0.37093253968254	0.178483797062849	0.313110953336461
m5	3	Egg	2	2	0.1	2.06070437653126	0.240935862769021	113.343526071823	0.734567901234568	0.160297619047619	0.149078319312349	0.107565881404753
m6	3	Egg	2	2	0.1	1.6377462089402	0.352534106780081	143.955936284947	0.855634920634921	0.319428571428571	0.156944956710134	0.257497775070496
m7	3	Egg	2	2	1e-04	1.2244322883223	0.632527779636938	117.639556737342	0.917976190476191	0.282019841269841	0.162340648650672	0.222808279030301
m1	4	Egg	2	2	0.1	1.29763828070611	0.305681714122802	167.913985215986	0.896913580246914	0.399757936507937	0.194221378456534	0.342977483620109
m2	4	Egg	2	2	0.1	1.40261167322801	0.308915443444532	184.299136631366	0.878035714285714	0.382126984126984	0.184508477384405	0.325372380335264
m3	4	Egg	2	2	0.1	1.93971796600105	0.228190400265034	101.653501155495	0.804320987654321	0.14906746031746	0.137965232766192	0.0917128170257717
m4	4	Egg	2	2	0.1	1.54447339929169	0.30013288955049	126.56609955801	0.836309523809524	0.397952380952381	0.19991929779593	0.339603069515079
m5	4	Egg	2	2	0.1	2.06067765627659	0.206228999135081	135.533724668173	0.749952380952381	0.148698412698413	0.123852799609042	0.101377193719913
m6	4	Egg	2	2	0.1	1.51272007857844	0.293663468831032	168.193721121094	0.848724489795918	0.325615079365079	0.178807927539429	0.267038586664434
m7	4	Egg	2	2	0.1	1.62004457409148	0.174642527615379	146.248184817761	0.849267399267399	0.299928571428571	0.151182436998451	0.240956146868761
m1	5	Egg	2	2	0.1	1.07872975940063	0.348779158405807	180.059104137759	0.911123511904762	0.498511904761905	0.201338547357739	0.442901103042134
m2	5	Egg	2	2	0.1	1.40851527758565	0.39079278777735	183.939649871921	0.862830687830688	0.404630952380952	0.223375007998534	0.346239118056528
m3	5	Egg	2	2	0.1	1.89756187171847	0.239104422143262	122.411750074447	0.823118279569892	0.15193253968254	0.139625644493344	0.0952465374081513
m4	5	Egg	2	2	0.1	1.42148039510478	0.295746663497651	167.233331975623	0.886706349206349	0.435083333333333	0.189794564745666	0.377721139538226
m5	5	Egg	2	2	0.1	2.03156044622926	0.273477619184623	134.279183957426	0.727950310559006	0.218468253968254	0.134726048034391	0.154646955478164
m6	5	Egg	2	2	0.1	1.28827481819006	0.266555185762536	154.410758803202	0.880114638447972	0.408293650793651	0.188323460706919	0.35006641003723
m7	5	Egg	2	2	0.1	1.57811100086606	0.23408400150039	131.913464297169	0.854650297619048	0.292404761904762	0.147423662937541	0.232248234630741
m1	6	Egg	2	2	0.1	1.17617266173888	0.204646762861909	167.638170066823	0.898397435897436	0.426210317460317	0.196694487339965	0.36855918385107
m2	6	Egg	2	2	0.1	1.28321020501308	0.225468524916346	153.67553396372	0.875661375661376	0.401599206349206	0.179603491966501	0.344502334220926
m3	6	Egg	2	2	0.1	1.86274756033757	0.267615741103412	115.019359917907	0.803361344537815	0.164706349206349	0.129442638591088	0.109467680184043
m4	6	Egg	2	2	0.1	1.43176124288973	0.395494737817288	181.241055094071	0.861544011544012	0.448980158730159	0.195165860557409	0.387805757773007
m5	6	Egg	2	2	0.1	1.89879260751086	0.251483007361591	110.3242231225	0.769664902998236	0.222766955266955	0.164255028803474	0.167599260929086
m6	6	Egg	2	2	0.1	1.48079457725673	0.340832241570903	143.276340127126	0.850453514739229	0.362238095238095	0.17615061147407	0.303981492038073
m7	6	Egg	2	2	0.1	1.56339415409493	0.216146304342426	119.732549286231	0.819786535303777	0.330789682539683	0.161620353356628	0.266663132840954
m1	7	Egg	2	2	0.1	1.34227724046644	0.33338443371693	182.876143237649	0.870220057720058	0.405535714285714	0.189223182927896	0.342956469063709
m2	7	Egg	2	2	0.1	1.31448487500638	0.282170331136748	151.989611661157	0.864980158730159	0.449797619047619	0.207970128551981	0.390060841610802
m3	7	Egg	2	2	1e-04	1.791057558441	0.555014797283667	102.275089419638	0.830459770114943	0.183253968253968	0.132973337660109	0.128177202050852
m4	7	Egg	2	2	0.1	1.6038429030722	0.214202536810206	143.283898114193	0.836591478696742	0.319333333333333	0.145378681287153	0.257867895044497
m5	7	Egg	2	2	0.1	2.40870896595313	0.249524272796562	120.4260897571	0.608470695970696	0.144718253968254	0.113579620227914	0.0873963641976097
m6	7	Egg	2	2	0.1	1.74903591777024	0.393029099554133	169.403943310497	0.780282738095238	0.333547619047619	0.181774669147684	0.269396043076087
m7	7	Egg	2	2	0.1	1.78352674994298	0.274565740394072	116.821517621152	0.752246543778802	0.355349206349206	0.163606372833885	0.285473973943037
m1	8	Egg	2	2	0.1	1.37163186912331	0.374858116082747	165.545177496631	0.86957671957672	0.415539682539683	0.190182208599241	0.356782544368047
m2	8	Egg	2	2	0.1	1.37609199017537	0.364253728279624	150.895431054777	0.863571428571429	0.469561327561328	0.196463270789033	0.410736239975952
m3	8	Egg	2	2	0.1	1.80082010596205	0.217022263042918	110.015332064976	0.824275362318841	0.172579365079365	0.142138695662368	0.122321493507418
m4	8	Egg	2	2	0.1	1.53242306259016	0.437182635383254	181.858618494361	0.84797619047619	0.39397619047619	0.192369665372238	0.336379398703867
m5	8	Egg	2	2	0.1	2.11436422381597	0.320086280854361	114.060632621496	0.752035330261137	0.191174603174603	0.129724655219709	0.128818321997701
m6	8	Egg	2	2	0.1	1.63076096338178	0.35138226933042	142.909440020705	0.800757575757576	0.344563492063492	0.15836666231495	0.281328434879692
m7	8	Egg	2	2	0.1	1.79257868342668	0.223248201375245	118.686052972705	0.817261904761905	0.28575	0.167398310632014	0.231965367861894
m1	9	Egg	2	2	0.1	1.08688960419597	0.272329278493183	195.819085036144	0.906481481481481	0.41690873015873	0.189708037828533	0.3606312750833
m2	9	Egg	2	2	0.1	1.05655835989344	0.268022088876322	165.88834420684	0.934203296703297	0.478928571428571	0.209563999120209	0.420352330997671
m3	9	Egg	2	2	0.1	1.81464180543781	0.303601826846148	115.36050039394	0.818959435626102	0.132440476190476	0.120516212476825	0.0814127935135828
m4	9	Egg	2	2	0.1	1.52461133757136	0.404451271232204	154.410758824364	0.854506802721088	0.32865873015873	0.1985005784219	0.272171119852924
m5	9	Egg	2	2	0.1	1.99715503937634	0.336211693864542	115.730960326284	0.736190476190476	0.195393939393939	0.151981641452139	0.146514052237056
m6	9	Egg	2	2	0.1	1.46767342064181	0.262982381472818	143.276340155364	0.833597883597884	0.363404761904762	0.180855711832132	0.30100801732861
m7	9	Egg	2	2	0.1	1.39908151167285	0.233180271360861	142.623249527287	0.860793650793651	0.438777777777778	0.146287207453343	0.374622743341081
m1	10	Egg	2	2	0.1	1.1661725503584	0.389456243713792	190.856975722977	0.93447619047619	0.471384920634921	0.183569117437603	0.413633083254426
m2	10	Egg	2	2	0.1	1.27282831025075	0.314439930984433	151.97861328989	0.90281746031746	0.469452380952381	0.198309448684666	0.413994633977484
m3	10	Egg	2	2	0	1.11226423429037	0.189972389782203	117.730310478617	0.902120535714286	0.233170634920635	0.148244360968738	0.178678279216781
m4	10	Egg	2	2	0.1	1.27129814027928	0.290163769349771	150.686240406819	0.92281746031746	0.481428571428571	0.210667739323035	0.424868845637681
m5	10	Egg	2	2	0.1	1.96246538462299	0.312180407805135	113.422664992316	0.764102564102564	0.212174603174603	0.128234904911171	0.152022134288629
m6	10	Egg	2	2	0.1	1.37548615378816	0.283165289621505	156.397055183372	0.892904761904762	0.40040873015873	0.168940945316314	0.340194577367365
m7	10	Egg	2	2	0.1	1.63097316195926	0.275868174898438	163.072624288418	0.818871252204586	0.309686507936508	0.162381358062975	0.25815835791866
