Model	Iteration	Variable	Subsampled	MinObs	decay	logLoss	logLossSD	AIC	AUC	Accuracy	AccuracySD	Kappa
m1	1	Egg	2	2	0.1	0.922626920459189	0.24801059604491	73.9599680557491	0.898780487804878	0.493309523809524	0.257581772941994	0.412134624889158
m2	1	Egg	2	2	1e-04	0.394688204794576	0.191575861253231	65.7307163540175	0.97479674796748	0.5065	0.246944231402801	0.418620582316235
m3	1	Egg	2	2	0.1	1.60332314991271	0.20215490061609	54.5610293364934	0.731395348837209	0.144166666666667	0.156156397328086	0.0686258059928137
m4	1	Egg	2	2	0.1	1.30711242487409	0.348593434536031	74.2955572808305	0.879385964912281	0.349714285714286	0.240887018760888	0.27470641376334
m5	1	Egg	2	2	0.1	1.80078488271127	0.38547709100376	62.4509799104219	0.748936170212766	0.204095238095238	0.182048740644684	0.117901666097721
m6	1	Egg	2	2	1e-04	0.849029312765373	0.835787046172605	63.8190850342605	0.931159420289855	0.555119047619048	0.23236721561643	0.470797909674271
m7	1	Egg	2	2	0	0.291316843692186	0.159900976767727	72.5643862644932	0.96869918699187	0.572166666666667	0.238413374518441	0.485703669752407
m1	2	Egg	2	2	0.1	1.21538399811661	0.466402507461218	70.9537166826002	0.81984126984127	0.428595238095238	0.259633003448203	0.340282903564698
m2	2	Egg	2	2	0.1	1.31700590574801	0.392572561510496	57.6381700678351	0.81984126984127	0.397095238095238	0.228491142505438	0.310522596861791
m3	2	Egg	2	2	0	1.48796665729993	0.238455136362826	47.833318375757	0.749305555555556	0.129833333333333	0.146724334392869	0.0549812951190932
m4	2	Egg	2	2	0.1	1.41211054786975	0.461826381909569	66.746800682626	0.832222222222222	0.410785714285714	0.265749999539426	0.327948422698854
m5	2	Egg	2	2	0.1	1.75401853690925	0.391993822344917	62.4509799104219	0.752450980392157	0.221857142857143	0.184169081369638	0.136586879545804
m6	2	Egg	2	2	0.1	1.32295465509001	0.457056301305842	57.6381700837453	0.820138888888889	0.457214285714286	0.2366191510017	0.366076922376361
m7	2	Egg	2	2	0.1	1.19521911752644	0.374036014852258	57.6381700740619	0.866260162601626	0.430785714285714	0.232265881734012	0.346071846951003
m1	3	Egg	2	2	0	4.74536259337375e-06	6.23456282891359e-06	75.5631477294849	1	0.706	0.274480633936686	0.649817417876241
m2	3	Egg	2	2	0	0.335644330335092	0.154168951767893	71.02567210524	0.964473684210526	0.560833333333333	0.22107889114074	0.468026459350401
m3	3	Egg	2	2	0	1.48139478041924	0.218417727328556	47.833318375757	0.762878787878788	0.134761904761905	0.147382624994297	0.0597766721631914
m4	3	Egg	2	2	0	0.295430664035669	0.15746120839412	45.8372286680096	0.968333333333333	0.54552380952381	0.247497213524698	0.461214999334833
m5	3	Egg	2	2	0	1.0084987019925	0.230808445217913	48.9319535942226	0.854513888888889	0.26152380952381	0.18830706954468	0.169405535118843
m6	3	Egg	2	2	0	4.96764647574968e-06	5.33207986873123e-06	77.0931219703758	1	0.713571428571429	0.260448859069782	0.654357564082047
m7	3	Egg	2	2	0	0.304327055802282	0.218470854229171	72.5643862644932	0.976041666666667	0.570952380952381	0.26593988089008	0.499754420437935
m1	4	Egg	2	2	0.1	1.14333610491938	0.463742287731085	70.3120540960232	0.873423423423423	0.438988095238095	0.240450851786073	0.350292969433492
m2	4	Egg	2	2	0.1	1.27083807666987	0.558383173135035	57.6381700678351	0.85125	0.417166666666667	0.231903447051157	0.344463067516456
m3	4	Egg	2	2	0	1.47776698420431	0.23271973843002	47.833318375757	0.751360544217687	0.131833333333333	0.152091571890686	0.0595377768527158
m4	4	Egg	2	2	0.1	1.23874380904974	0.361745604471811	57.6381700667282	0.866981132075472	0.437047619047619	0.218395027222315	0.347779392213987
m5	4	Egg	2	2	0.1	1.55097895168085	0.307862274211224	54.3682868191778	0.804398148148148	0.288	0.185230162888085	0.208675482603913
m6	4	Egg	2	2	0.1	1.31470816871971	0.451692877719197	57.6381700640783	0.833148148148148	0.46	0.26681393240048	0.38253746983498
m7	4	Egg	2	2	0.1	1.31136215016131	0.435982652664396	57.6381700740619	0.827898550724638	0.410666666666667	0.245451179276422	0.331150898073409
m1	5	Egg	2	2	0.1	1.0909475868195	0.420407923822768	70.3120540960232	0.880740740740741	0.4745	0.257038462187609	0.395022988317818
m2	5	Egg	2	2	0.1	1.25570487792599	0.309911858102444	57.6381700955904	0.84375	0.406166666666667	0.238184950630955	0.329003078336838
m3	5	Egg	2	2	0	1.46515188559645	0.229389398331099	47.833318375757	0.782608695652174	0.126535714285714	0.147724354496721	0.0612812385481482
m4	5	Egg	2	2	0.1	1.31405096582545	0.308361011659483	57.6381700667282	0.832407407407407	0.415535714285714	0.22344382938435	0.326174496952506
m5	5	Egg	2	2	0.1	1.48641901190964	0.339984784165095	54.3682867943276	0.836666666666667	0.2775	0.214314672566317	0.200369636331273
m6	5	Egg	2	2	0.1	1.29901266513786	0.515169136137363	57.6381700640783	0.833006535947712	0.481547619047619	0.221279792735532	0.393624862514764
m7	5	Egg	2	2	0.1	1.21989836803815	0.355814817831394	57.6381700744218	0.844507575757576	0.434238095238095	0.250828074975023	0.35083016983017
m1	6	Egg	2	2	1e-04	0.934969271663658	0.939103673104279	87.5926643639086	0.92724358974359	0.583166666666667	0.238206624979371	0.487604408108361
m2	6	Egg	2	2	1e-04	0.470118780667339	0.199258911867928	65.7209048908914	0.975	0.455821428571429	0.245551648075706	0.366044962517613
m3	6	Egg	2	2	0	1.03186912834688	0.272745821007917	48.8550485526746	0.858139534883721	0.26552380952381	0.211329206313244	0.175888795844678
m4	6	Egg	2	2	0.1	1.20085318838191	0.304858097777732	72.9503995084888	0.900813008130081	0.475333333333333	0.237557719372935	0.384362363501389
m5	6	Egg	2	2	0.1	1.75828264905991	0.302377002448441	62.4509799104219	0.749186991869919	0.218047619047619	0.18621624668345	0.121947625227544
m6	6	Egg	2	2	0.1	1.16165065058032	0.300494098298873	73.8190850410023	0.889795918367347	0.427690476190476	0.220159113797028	0.334955406046529
m7	6	Egg	2	2	0.1	1.15936071372698	0.264621006740866	83.5467503824238	0.942857142857143	0.388071428571429	0.216670893879657	0.312089700591052
m1	7	Egg	2	2	0.1	1.06448779277915	0.403508252044744	78.3919685232172	0.905555555555556	0.499833333333333	0.211933337621766	0.40167092684298
m2	7	Egg	2	2	0.1	1.01471863578677	0.345430940265889	80.0604378267328	0.911904761904762	0.475619047619048	0.247344892077113	0.387739908594005
m3	7	Egg	2	2	0	1.02460311295769	0.238481333480043	48.8550485526746	0.866363636363636	0.28552380952381	0.18196838890344	0.186294793026323
m4	7	Egg	2	2	0.1	1.17471336177324	0.361006653800293	72.9503995084888	0.882371794871795	0.488714285714286	0.240910869696756	0.402548489690145
m5	7	Egg	2	2	0.1	1.72409662282299	0.37004147328742	62.4509799104219	0.773550724637681	0.198357142857143	0.165267505384354	0.118802138924107
m6	7	Egg	2	2	0.1	1.23772336376426	0.411143955708881	57.6381700837453	0.837946428571429	0.46647619047619	0.225139244727015	0.369993740948159
m7	7	Egg	2	2	0.1	1.24373337710843	0.411451582034876	57.6381700740619	0.869074074074074	0.415	0.248672118805378	0.340944596145817
m1	8	Egg	2	2	0.1	1.28446884313944	0.410226693234529	79.7356572655074	0.834166666666667	0.450666666666667	0.247659300387574	0.369770691605235
m2	8	Egg	2	2	0.1	1.17943629331255	0.448405675471988	81.539330677249	0.898373983739837	0.389452380952381	0.244306021178852	0.2969198258497
m3	8	Egg	2	2	0.1	1.70129498484131	0.267568760563315	54.5610293364934	0.755284552845528	0.121428571428571	0.162380113096419	0.0526512874105791
m4	8	Egg	2	2	0.1	1.32575577188261	0.322315958573161	74.2955572808305	0.871428571428571	0.351404761904762	0.223430567335868	0.260039208712612
m5	8	Egg	2	2	0.1	1.77468463892803	0.283615427983805	62.4509799104219	0.774074074074074	0.208904761904762	0.161891187219171	0.121397879730752
m6	8	Egg	2	2	0.1	1.33191983170724	0.430913525873024	57.6381700837453	0.837916666666667	0.4345	0.225658470326462	0.351425995521543
m7	8	Egg	2	2	0.1	1.17442422142116	0.376163346736687	57.6381700740619	0.888247863247863	0.370285714285714	0.247961403542492	0.301935188187236
m1	9	Egg	2	2	0.1	0.80329136546641	0.288517926477215	73.8190850337269	0.940579710144928	0.546952380952381	0.240666034531845	0.467665698559065
m2	9	Egg	2	2	1e-04	0.356257949463835	0.180097762563646	65.7306595107534	0.976950354609929	0.561380952380952	0.220645971257722	0.475727031761517
m3	9	Egg	2	2	0.1	1.6197068770322	0.242368270982293	62.7434142295122	0.754824561403509	0.169166666666667	0.169734823556533	0.0812022176005043
m4	9	Egg	2	2	0.1	1.31127417237221	0.432415177712055	74.2955572808305	0.87979797979798	0.354928571428571	0.206173822403694	0.268090936364738
m5	9	Egg	2	2	0.1	1.74789767511966	0.331664681814002	62.4509799104219	0.741666666666667	0.2255	0.150466073523921	0.11781420271352
m6	9	Egg	2	2	0.1	0.908840008696471	0.254224807311976	63.8190850342605	0.928484848484848	0.529666666666667	0.245058219149202	0.44963590967352
m7	9	Egg	2	2	0	0.301198037925265	0.143194254832863	72.5643862644932	0.959420289855072	0.566	0.233932851742929	0.471384412688761
m1	10	Egg	2	2	0	0.29808503600206	0.168407852079432	68.733373582306	0.967045454545455	0.561095238095238	0.240938107363163	0.460071475056175
m2	10	Egg	2	2	0	0.254365683127325	0.182810360389773	71.02567210524	0.970930232558139	0.55047619047619	0.282541506552473	0.463806990876074
m3	10	Egg	2	2	0	1.53514230778449	0.215729255077077	47.833318375757	0.749666666666667	0.1015	0.148450564653367	0.0449345547200922
m4	10	Egg	2	2	0	0.331310470585368	0.158490743670452	45.8204410478262	0.971296296296296	0.573928571428571	0.243124463830928	0.48683475716663
m5	10	Egg	2	2	0	0.935917293357134	0.193183450267856	59.7676282824273	0.913333333333333	0.262095238095238	0.190601714291656	0.166735877151293
m6	10	Egg	2	2	0	0.281233289379518	0.170184750407981	55.7421771354535	0.982624113475177	0.593238095238095	0.24641122343103	0.520293615299429
m7	10	Egg	2	2	0	0.325383347468246	0.20958195468451	72.5643862644932	0.975555555555556	0.554571428571429	0.26494943718542	0.475933381018234
m1	11	Egg	2	2	1e-04	0.0163814002190163	0.0191716819267689	84.707661913321	1	0.758619047619048	0.25804776821187	0.71984691551039
m2	11	Egg	2	2	1e-04	0.383105392412994	0.187667898830418	65.7306595107534	0.968827160493827	0.548785714285714	0.251262529302855	0.45980624454884
m3	11	Egg	2	2	0.1	1.65129996027664	0.224904581169781	62.7434142295122	0.716666666666667	0.134285714285714	0.15362795436851	0.0621583288696563
m4	11	Egg	2	2	1e-04	0.847228767761449	0.940575497863316	53.8190850443673	0.955185185185185	0.569071428571429	0.256793113436049	0.491300798625927
m5	11	Egg	2	2	0	0.973844601945884	0.249986293620419	48.9319535942226	0.866312056737589	0.288666666666667	0.204438405707917	0.198714839800218
m6	11	Egg	2	2	0	4.205730242494e-06	6.11079421292319e-06	77.0931219703758	1	0.718	0.275543336320799	0.662954163483575
m7	11	Egg	2	2	0	0.299765744902462	0.162490378028889	72.5643862644932	0.968148148148148	0.558214285714286	0.238808785283217	0.476278183947889
m1	12	Egg	2	2	0.1	1.4101847146558	0.385935296960972	89.9894166909414	0.834722222222222	0.383595238095238	0.237824496139616	0.303468000394677
m2	12	Egg	2	2	0.1	1.09598682186978	0.351382320536207	66.8127316018712	0.912719298245614	0.399666666666667	0.246490290932787	0.314694054570406
m3	12	Egg	2	2	0.1	1.66465759282722	0.285627641838629	62.7434142295122	0.728518518518519	0.12302380952381	0.172867224690984	0.0458843688143663
m4	12	Egg	2	2	0.1	1.80207515284953	0.368799682417551	76.9583646822164	0.758730158730159	0.283428571428571	0.191734635518491	0.191225615366937
m5	12	Egg	2	2	0.1	2.27483854549976	0.399248149098517	54.5226310173483	0.596376811594203	0.134952380952381	0.1330908431927	0.0503899108332839
m6	12	Egg	2	2	0.1	1.51873945628143	0.48921763127104	66.5916737778947	0.801481481481481	0.385333333333333	0.240069668152349	0.305200835475472
m7	12	Egg	2	2	0.1	1.22399544027117	0.504170798322639	57.6381700744218	0.867857142857143	0.422333333333333	0.249895825657927	0.33369606349896
m1	13	Egg	2	2	1e-04	0.548930832388368	0.369180518386083	78.4358553043528	0.962790697674419	0.515702380952381	0.238882158882252	0.432691965145104
m2	13	Egg	2	2	0.1	1.07256013807695	0.275282864336997	65.7473470773658	0.933035714285714	0.405333333333333	0.232138354194682	0.314053505455576
m3	13	Egg	2	2	0.1	1.71592977495221	0.272500409958619	54.5610335741553	0.803846153846154	0.1235	0.139243889742162	0.0591261653809711
m4	13	Egg	2	2	1e-04	0.399503328020012	0.181605598034915	55.7751356134945	0.962121212121212	0.544833333333333	0.250091958395949	0.460376499785862
m5	13	Egg	2	2	0	0.981237041618388	0.18411584985609	59.7676282824273	0.91359649122807	0.251761904761905	0.18137106950285	0.156879614750284
m6	13	Egg	2	2	1e-04	0.523103009622809	0.213703206021985	80.6959241999074	0.962626262626263	0.418761904761905	0.232751303616272	0.33274868539595
m7	13	Egg	2	2	0.1	1.14559915533477	0.245324607431591	83.5467503824238	0.924	0.404333333333333	0.231735994761793	0.317030136928495
m1	14	Egg	2	2	0.1	1.40756879201325	0.448839224812815	99.3179412028625	0.838288288288288	0.348857142857143	0.213295902199601	0.263074155545662
m2	14	Egg	2	2	0.1	1.14038158105158	0.318219559819766	81.539330677249	0.884126984126984	0.426428571428571	0.207184318552137	0.332064662021008
m3	14	Egg	2	2	0.1	1.73822372668376	0.270718532651161	54.5610335741553	0.754365079365079	0.108833333333333	0.142694429942799	0.0427132544290679
m4	14	Egg	2	2	0.1	1.84855415263935	0.371354684889214	85.349098943807	0.717567567567568	0.2565	0.176318107965145	0.170872528517875
m5	14	Egg	2	2	0.1	2.0061925607954	0.404989715328399	62.5476101380543	0.617222222222222	0.162285714285714	0.155087244523714	0.078600787399481
m6	14	Egg	2	2	0.1	1.52423146255586	0.541063904070189	76.5916737756316	0.80625	0.358833333333333	0.201766260851405	0.259297763830373
m7	14	Egg	2	2	0.1	1.16199307331523	0.343223615112422	57.6381700744218	0.883541666666667	0.411380952380952	0.249360385662488	0.332738917759843
m1	15	Egg	2	2	0.1	1.29977967171693	0.492401293710571	70.9537166826002	0.826754385964912	0.421380952380952	0.229675558919856	0.338098193541876
m2	15	Egg	2	2	0.1	1.3102912656959	0.37047121430165	57.6381700955904	0.806565656565657	0.400452380952381	0.233536858700307	0.318471698484806
m3	15	Egg	2	2	0	1.47769323182414	0.24883769927964	47.833318375757	0.788888888888889	0.1115	0.135415041430289	0.0510197966719912
m4	15	Egg	2	2	0.1	1.38479921007756	0.370267065186287	47.9515282100753	0.831623931623932	0.416333333333333	0.232743120777737	0.332816156786178
m5	15	Egg	2	2	0.1	1.79158013988317	0.361041824979872	62.4509799104219	0.742982456140351	0.202880952380952	0.172653185325872	0.120701673326673
m6	15	Egg	2	2	0.1	1.53469161642843	0.503637504539574	57.6381700837453	0.773423423423423	0.431071428571429	0.233485528938788	0.343042662437298
m7	15	Egg	2	2	0.1	1.21558181027467	0.28781477289867	57.6381700744218	0.863475177304964	0.425333333333333	0.246598407153766	0.348361030380532
m1	16	Egg	2	2	1e-04	0.3712708820799	0.177047000758931	75.6704554124868	0.958558558558559	0.514047619047619	0.256698326860692	0.424931244276399
m2	16	Egg	2	2	1e-04	0.282687831150867	0.164924713883603	65.7306595107534	0.986742424242424	0.519714285714286	0.291098278029158	0.448429623905781
m3	16	Egg	2	2	0.1	1.70859416983633	0.267105307417132	54.5610335741553	0.751754385964912	0.120595238095238	0.155184561793862	0.0560163045470054
m4	16	Egg	2	2	1e-04	0.500016929519494	0.184930209369499	65.7515249992561	0.950378787878788	0.518785714285714	0.234893307710136	0.425340742050706
m5	16	Egg	2	2	0.1	1.34465720648437	0.317050181233609	54.9094400489902	0.843333333333333	0.299190476190476	0.215572859189826	0.208176845361277
m6	16	Egg	2	2	0	0.325544374637432	0.14388843406385	65.7333648518771	0.978819444444444	0.590214285714286	0.216832679053911	0.50348843728735
m7	16	Egg	2	2	0	0.261405199900326	0.16249702425924	72.5643862644932	0.981746031746032	0.551666666666667	0.264283330939251	0.461422391436417
m1	17	Egg	2	2	0.1	1.40093776488956	0.390228885223483	107.681976737692	0.848809523809524	0.3505	0.225604870907788	0.251952612643609
m2	17	Egg	2	2	0.1	1.04026496933975	0.336774873986756	89.7687809813961	0.912083333333333	0.437785714285714	0.236699771846654	0.334598147966757
m3	17	Egg	2	2	1e-04	1.21046423367566	0.271723309362862	58.8497674085888	0.865238095238095	0.189309523809524	0.16260582132857	0.110532680647461
m4	17	Egg	2	2	0.1	1.42805475504742	0.44539864117522	92.9731685447057	0.853333333333333	0.336380952380952	0.215002563456274	0.240180156101305
m5	17	Egg	2	2	0.1	2.0937073590827	0.35969088976493	62.5476101235009	0.574382716049383	0.149928571428571	0.146701306713715	0.0681364375147169
m6	17	Egg	2	2	0.1	1.38593223905973	0.489496182317932	76.5916737756316	0.86540404040404	0.35097619047619	0.218342523029169	0.263277209768349
m7	17	Egg	2	2	0.1	1.24098380483801	0.407848060221035	57.6381700744218	0.855141843971631	0.4265	0.229331911650906	0.337612080004884
m1	18	Egg	2	2	0	0.333689247871609	0.113762644405664	55.6869369996994	0.954166666666667	0.551952380952381	0.230457928629066	0.465715241513979
m2	18	Egg	2	2	0	0.308173002060422	0.168900412472746	71.02567210524	0.974822695035461	0.579119047619048	0.26003131049722	0.492328393493445
m3	18	Egg	2	2	0	1.55698501509475	0.222530364927751	47.833318375757	0.764367816091954	0.113833333333333	0.157117965218457	0.0609992028431926
m4	18	Egg	2	2	0	0.339967445290936	0.138219609247623	64.6322287805417	0.963095238095238	0.511142857142857	0.258389518940836	0.42127998740259
m5	18	Egg	2	2	0	0.937923480511078	0.162184334900503	46.8414993492399	0.912202380952381	0.296119047619048	0.195940048717234	0.185157241776456
m6	18	Egg	2	2	0	0.26235043752589	0.178857317678913	70.1635518691721	0.973333333333333	0.582964285714286	0.272380448622881	0.503430529031511
m7	18	Egg	2	2	0	0.266046859247846	0.148477324179524	72.5643862644932	0.96468253968254	0.572452380952381	0.263660053326618	0.491932029315081
m1	19	Egg	2	2	0	0.309525392933011	0.1301072406493	77.9888440883041	0.969047619047619	0.558261904761905	0.24934841563203	0.471535373541187
m2	19	Egg	2	2	0	0.276438766150104	0.181418702094772	71.02567210524	0.961904761904762	0.558392857142857	0.237609857283709	0.468823393997307
m3	19	Egg	2	2	0	1.46516200656824	0.248640921818698	47.833318375757	0.767094017094017	0.139357142857143	0.156406313506206	0.0607546498314839
m4	19	Egg	2	2	1e-04	0.487763083031259	0.265599751729307	55.7917767843013	0.968292682926829	0.437880952380952	0.254908094830823	0.344080483498455
m5	19	Egg	2	2	0.1	1.35317131125585	0.27298191302951	54.9094400489902	0.851893939393939	0.257833333333333	0.193807832323178	0.157045342922622
m6	19	Egg	2	2	1e-04	0.448911965042921	0.232918946384133	79.4268925475213	0.966319444444444	0.512833333333333	0.241892730675727	0.428832547069574
m7	19	Egg	2	2	0	0.304454352641964	0.154471679493469	72.5643862644932	0.982352941176471	0.502333333333333	0.250499164968332	0.418878815210997
m1	20	Egg	2	2	0	8.53078377555026e-05	0.000386187324463004	84.8365173478997	1	0.731428571428571	0.263611127674239	0.685463080397863
m2	20	Egg	2	2	0	0.291055116897952	0.150315724446537	71.02567210524	0.983870967741935	0.523809523809524	0.234733604031825	0.432720249510033
m3	20	Egg	2	2	0	1.55128240047428	0.235483592890078	47.833318375757	0.737596899224806	0.112619047619048	0.135829423830788	0.0541975982107159
m4	20	Egg	2	2	1e-04	0.518975537723959	0.246828653255202	55.5451774969771	0.959929078014184	0.444214285714286	0.247518723664146	0.365644082366908
m5	20	Egg	2	2	0.1	1.3953100239115	0.263364994005263	57.0024326538746	0.823703703703704	0.259	0.18379067535019	0.176830700852512
m6	20	Egg	2	2	0	0.00107886238349786	0.00337652855233491	86.3734642015636	1	0.752380952380952	0.259907113314945	0.704767231694953
m7	20	Egg	2	2	0	0.298483205857195	0.155060976759441	72.5643862644932	0.980894308943089	0.550285714285714	0.250677928257783	0.461853541477935
m1	21	Egg	2	2	0.1	1.39196291161918	0.371076211026442	75.7199899557347	0.824324324324324	0.364333333333333	0.216167775801977	0.282376571964323
m2	21	Egg	2	2	0.1	1.11757772298432	0.334869575605731	81.539330677249	0.908571428571429	0.394119047619048	0.230535705359324	0.303205368731315
m3	21	Egg	2	2	0.1	1.71090903909558	0.230470429693206	54.5610293364934	0.74484126984127	0.133142857142857	0.15085389546162	0.0655118747236044
m4	21	Egg	2	2	0.1	1.8334427463475	0.422065097573782	76.9583646822164	0.744097222222222	0.29202380952381	0.180587267088187	0.205999913539009
m5	21	Egg	2	2	0.1	2.19137544921779	0.558726526672883	65.9610722164415	0.586458333333333	0.106928571428571	0.153707733582186	0.0322747364528055
m6	21	Egg	2	2	0.1	1.53184356268026	0.611052771022173	82.8031732858472	0.831122448979592	0.405214285714286	0.253001111015423	0.318349305089487
m7	21	Egg	2	2	0.1	1.21161366003836	0.334583199016091	57.6381700744218	0.876666666666667	0.439	0.241862164046604	0.351612410226108
m1	22	Egg	2	2	0.1	1.04797064779987	0.273155573763153	73.9660456197425	0.93	0.449357142857143	0.233363481035772	0.36008292964495
m2	22	Egg	2	2	0.1	1.12320884739048	0.268493119451557	65.7473469628174	0.916666666666667	0.31797619047619	0.211303164006754	0.231547405668198
m3	22	Egg	2	2	0.1	1.69339271587383	0.306621154708255	54.5610293364934	0.758333333333333	0.133452380952381	0.155689996605262	0.0618232901733747
m4	22	Egg	2	2	0.1	1.45373545664099	0.428378836971646	74.2955572808305	0.857692307692308	0.342142857142857	0.245754510281807	0.246251227917782
m5	22	Egg	2	2	0.1	1.74734334666002	0.346006221625823	62.4509799104219	0.778148148148148	0.199095238095238	0.177631413930149	0.116402587821386
m6	22	Egg	2	2	1e-04	1.07361180965068	0.811315872498864	73.8190850410023	0.936170212765957	0.479952380952381	0.228409329044659	0.39303616322901
m7	22	Egg	2	2	0.1	1.13013098154786	0.273403396791322	65.8385792459791	0.940070921985816	0.365952380952381	0.243273535084458	0.288923467636528
m1	23	Egg	2	2	1e-04	0.00953344309477765	0.0168924701937123	84.707661913321	1	0.728238095238095	0.274113748634993	0.684167538685664
m2	23	Egg	2	2	1e-04	0.412993355339587	0.220062105970023	65.7306595107534	0.962916666666667	0.511190476190476	0.241003047029922	0.424844584656605
m3	23	Egg	2	2	0.1	1.64859528990796	0.226268617342012	62.7434142295122	0.716161616161616	0.14002380952381	0.14461468766487	0.0668820801960188
m4	23	Egg	2	2	1e-04	0.876505729414623	0.794748100016125	72.3180976004725	0.941666666666667	0.553452380952381	0.260080307410001	0.483535902359061
m5	23	Egg	2	2	0	1.07019781068829	0.25206012567186	48.9319535942226	0.861507936507937	0.220261904761905	0.173746585361499	0.147509504228824
m6	23	Egg	2	2	0	7.36512723485285e-06	6.94724972165488e-06	77.0931219703758	1	0.683666666666667	0.275179565902812	0.618510480408876
m7	23	Egg	2	2	0	0.286743708295427	0.145536130528361	72.5643862644932	0.977210884353741	0.566214285714286	0.270329474117851	0.491646210566927
m1	24	Egg	2	2	0.1	0.891125742569241	0.30189374296299	87.419781625705	0.908119658119658	0.524333333333333	0.242490121520017	0.439383713411413
m2	24	Egg	2	2	1e-04	0.360325280916941	0.162256993869857	65.7307163540175	0.976666666666667	0.466571428571429	0.272601097728507	0.392380441915288
m3	24	Egg	2	2	0.1	1.62466541582306	0.235994926191673	62.7434142295122	0.778472222222222	0.1555	0.162646032112883	0.0765815155645718
m4	24	Egg	2	2	0.1	1.40426970864711	0.331684076372267	74.2955572808305	0.865686274509804	0.389690476190476	0.221917451026219	0.306399347464674
m5	24	Egg	2	2	0.1	1.78507774143328	0.381379064918657	50.1421493197083	0.776495726495727	0.191785714285714	0.186412697122549	0.114523988458946
m6	24	Egg	2	2	1e-04	0.874303017338141	0.976094549789076	63.8190850342605	0.943181818181818	0.554833333333333	0.238074663613215	0.471697334689621
m7	24	Egg	2	2	0	0.325224089538781	0.155091160875901	72.5643862644932	0.955813953488372	0.567595238095238	0.230558913427748	0.479946976369789
m1	25	Egg	2	2	0	1.71595363056395e-05	4.48613615589166e-05	84.8365173478997	1	0.666142857142857	0.282942216133583	0.612463737243149
m2	25	Egg	2	2	0	0.340849208850886	0.213975280713597	55.7438493058777	0.965986394557823	0.572833333333333	0.252536570453442	0.479541949211606
m3	25	Egg	2	2	0	1.4586701736047	0.215220364112399	47.833318375757	0.796153846153846	0.135119047619048	0.149332318796188	0.0601221190086486
m4	25	Egg	2	2	1e-04	0.598538278388721	0.224519606458766	55.5451774969771	0.960185185185185	0.39525	0.220982193649654	0.307504235755929
m5	25	Egg	2	2	0.1	1.33464297937359	0.23372252209399	57.0024326538746	0.811788617886179	0.283690476190476	0.208785532737985	0.204997567883262
m6	25	Egg	2	2	0	0.00270013273864146	0.00817682050258315	86.3734642015636	1	0.675619047619048	0.28966111526064	0.625595178382655
m7	25	Egg	2	2	0	0.325223311105872	0.136392131590482	72.5643862644932	0.972222222222222	0.589452380952381	0.23556380478004	0.507312954401839
m1	26	Egg	2	2	0.1	1.33489640328267	0.474457646461329	76.5916737802809	0.829738562091503	0.393190476190476	0.2404948868572	0.301422005743617
m2	26	Egg	2	2	0.1	1.11115669382124	0.345238572724455	72.8673992797578	0.88875	0.449642857142857	0.238257610579037	0.372903239069046
m3	26	Egg	2	2	0	1.48737717896141	0.305745230728706	47.833318375757	0.752380952380952	0.134595238095238	0.156801944472705	0.06283494153375
m4	26	Egg	2	2	0.1	1.68022199979059	0.436266851685486	61.0903549744303	0.750813008130081	0.270190476190476	0.200873764168498	0.177773354749128
m5	26	Egg	2	2	0.1	2.10991540271139	0.412455829381586	62.5476101235009	0.581395348837209	0.164714285714286	0.156191598032081	0.0913961136730607
m6	26	Egg	2	2	0.1	1.52705313196647	0.429030497777298	76.5916737756316	0.823270440251572	0.376833333333333	0.206650034629976	0.265426710152867
m7	26	Egg	2	2	0.1	1.35299294762881	0.424555473458617	57.6381700744218	0.825833333333333	0.418214285714286	0.230924083249759	0.333310064117743
m1	27	Egg	2	2	0.1	1.25382481725304	0.475616844218718	70.9537166826002	0.841452991452991	0.431666666666667	0.234614162831122	0.352222980152153
m2	27	Egg	2	2	0.1	1.16905219745289	0.357693741265418	72.8673992797578	0.878472222222222	0.427809523809524	0.23253558989548	0.34962996824743
m3	27	Egg	2	2	0	1.43023252697458	0.215798028916196	47.833318375757	0.764634146341463	0.146880952380952	0.149336659423821	0.0727435231619505
m4	27	Egg	2	2	0.1	1.37283347963231	0.349413819805985	47.6381700808848	0.851587301587302	0.372666666666667	0.239417081096021	0.291356858176108
m5	27	Egg	2	2	0.1	1.78897988718477	0.406007307999202	62.4509799104219	0.779924242424242	0.207190476190476	0.169602393003727	0.120577787714307
m6	27	Egg	2	2	0.1	1.30276596208958	0.421575083744847	57.6381700837453	0.836585365853659	0.436285714285714	0.235445846339569	0.34381140726537
m7	27	Egg	2	2	0.1	1.22076547960598	0.377428663967948	57.6381700744218	0.854059829059829	0.414285714285714	0.233390261139627	0.331433243045352
m1	28	Egg	2	2	0.1	1.09401344371855	0.446291156238373	89.0754002665691	0.917073170731707	0.422	0.262165710222702	0.323737052036097
m2	28	Egg	2	2	0.1	1.1113125169238	0.327853208778577	81.539330677249	0.926811594202898	0.428571428571429	0.251282470633433	0.340375577107169
m3	28	Egg	2	2	0.1	1.70171256138709	0.268133851810516	54.5610335741553	0.733680555555556	0.120833333333333	0.160340809166522	0.0432886516885174
m4	28	Egg	2	2	0.1	1.31406439601881	0.35852652445516	82.7364998954121	0.894166666666667	0.331547619047619	0.231329156918361	0.248724498436267
m5	28	Egg	2	2	0.1	1.66921619301318	0.308718316972763	58.1873718022465	0.742342342342342	0.216142857142857	0.176397568191064	0.134831591891457
m6	28	Egg	2	2	0.1	1.35109450757543	0.47915659288559	67.6381700731842	0.826851851851852	0.380595238095238	0.236661477950172	0.292078897785244
m7	28	Egg	2	2	0.1	1.33831331048053	0.432018724111004	57.6381700740619	0.842234848484849	0.37447619047619	0.210987682131067	0.277621489145291
m1	29	Egg	2	2	0.1	0.906835868182205	0.420052788108507	73.9599680557491	0.930081300813008	0.554571428571429	0.247238274223572	0.476803426203267
m2	29	Egg	2	2	1e-04	0.399295309275	0.156159164406933	65.7307163540175	0.956884057971015	0.5225	0.240444488788061	0.436256781650272
m3	29	Egg	2	2	0.1	1.68650570665459	0.264033904972878	54.5610293364934	0.722083333333333	0.135928571428571	0.145883486678798	0.0535735549204529
m4	29	Egg	2	2	0.1	1.34575258050456	0.489950064772228	74.2955572808305	0.889912280701754	0.374833333333333	0.234945070830438	0.287986326958524
m5	29	Egg	2	2	0.1	1.74636387838269	0.302060890533863	62.4509799104219	0.788297872340425	0.18702380952381	0.178948415598335	0.113990982895085
m6	29	Egg	2	2	0.1	0.972882761261571	0.292631846325369	63.8190850342605	0.929166666666667	0.505071428571429	0.253569685220969	0.425286826572912
m7	29	Egg	2	2	0	0.337747605960112	0.194896355791921	72.5643862644932	0.95	0.563214285714286	0.262637781112866	0.476913105244452
m1	30	Egg	2	2	1e-04	0.751958223672942	0.937302092808461	96.7995801659606	0.924583333333333	0.526785714285714	0.244783262263419	0.441543635901037
m2	30	Egg	2	2	1e-04	0.371144904324635	0.162205672842635	65.7306595107534	0.971111111111111	0.5365	0.246589475136381	0.454276525144822
m3	30	Egg	2	2	0.1	1.68441446007835	0.246852830726179	54.5610335741553	0.715416666666667	0.140928571428571	0.13997112676842	0.0600468647479008
m4	30	Egg	2	2	0.1	1.27491466428976	0.418249775857089	82.7364998954121	0.886111111111111	0.353428571428571	0.216266384658027	0.267028909101376
m5	30	Egg	2	2	0.1	1.70824767426787	0.351687244142618	58.417558127602	0.713888888888889	0.22547619047619	0.180773974734016	0.132365345267169
m6	30	Egg	2	2	0.1	0.926689980167373	0.27787940247721	74.016636371407	0.94	0.504238095238095	0.254952453542656	0.424724165502567
m7	30	Egg	2	2	0	0.318198133878835	0.117768609308142	72.5643862644932	0.961111111111111	0.523357142857143	0.247228781653801	0.435367953372112
m2	31	Egg	2	2	1e-04	0.352349369241471	0.173382308051327	65.7306595107534	0.964583333333333	0.558666666666667	0.237285906811315	0.471372812682786
m3	31	Egg	2	2	0.1	1.62938839129668	0.208371565990841	54.5610335741553	0.748666666666667	0.151166666666667	0.178490600594432	0.0780596417374117
m4	31	Egg	2	2	1e-04	0.386377015721492	0.155398062654714	55.7751356134945	0.974242424242424	0.547214285714286	0.240148447480364	0.466902186083586
m5	31	Egg	2	2	0	0.894188673083288	0.175254453234355	59.7676282824273	0.893055555555556	0.248119047619048	0.179736075410215	0.141468278565754
m6	31	Egg	2	2	0	0.295316138471443	0.18358250676114	70.1635518691721	0.97687074829932	0.589357142857143	0.25709552211611	0.514842805638522
m7	31	Egg	2	2	0	0.300435110164704	0.154878850403388	55.8081267108553	0.955434782608696	0.579166666666667	0.253896403752365	0.49435850965304
m1	32	Egg	2	2	1e-04	0.318712690409724	0.184438734245918	65.6766845028364	0.965040650406504	0.548880952380952	0.261230373821239	0.466239859302988
m2	32	Egg	2	2	1e-04	0.362322608513573	0.213672912374867	65.7306595107534	0.966969696969697	0.576666666666667	0.279228534779741	0.500245014054229
m3	32	Egg	2	2	0.1	1.67661286008185	0.226854605664283	54.5610335741553	0.731007751937985	0.143928571428571	0.160796569177045	0.0679557522514758
m4	32	Egg	2	2	1e-04	0.375394518325921	0.189441168148076	55.7751356134945	0.965555555555556	0.569452380952381	0.246654719133232	0.48886035635
m5	32	Egg	2	2	0	0.946085516898836	0.135040101378865	59.7676282824273	0.919318181818182	0.251166666666667	0.172690061855117	0.144139810454925
m6	32	Egg	2	2	0	0.334127208740797	0.153730836121419	70.1635518691721	0.963953488372093	0.559333333333333	0.252065763780968	0.476498882837593
m7	32	Egg	2	2	0	0.329320261472076	0.160869893536876	72.5643862644932	0.962222222222222	0.600833333333333	0.236396144056547	0.513143545853399
m1	33	Egg	2	2	0.1	1.41613072890056	0.466289281210684	89.9894166909414	0.837152777777778	0.370714285714286	0.232895727899319	0.280248676288648
m2	33	Egg	2	2	0.1	1.19710427116732	0.495802112366342	81.539330677249	0.882539682539683	0.415095238095238	0.225490860005739	0.32148856033774
m3	33	Egg	2	2	0.1	1.66839778240887	0.260577431416593	54.5610293364934	0.716666666666667	0.135761904761905	0.141938274642108	0.0452042516856682
m4	33	Egg	2	2	0.1	1.77141958232638	0.383646439930406	76.9583646822164	0.768604651162791	0.288166666666667	0.207265546422956	0.203820465553202
m5	33	Egg	2	2	0.1	2.27451539932979	0.355254268288651	65.9610722164415	0.597348484848485	0.124357142857143	0.134700973465991	0.0461698939484188
m6	33	Egg	2	2	0.1	1.52754979926729	0.421214117666918	82.8031732858472	0.830615942028985	0.3895	0.22711353010236	0.302274284360416
m7	33	Egg	2	2	0.1	1.19073591760311	0.412052406273023	57.6381700744218	0.872282608695652	0.45075	0.238999165255702	0.370434686700424
m1	34	Egg	2	2	0	0.276333527666224	0.159153652904443	65.6803090198547	0.965116279069767	0.57247619047619	0.269932995190276	0.49094156562131
m2	34	Egg	2	2	0	0.288054354264807	0.163882208787388	71.02567210524	0.971705426356589	0.571	0.261545816384279	0.496758934692758
m3	34	Egg	2	2	0	1.49773889216186	0.255060579996036	47.833318375757	0.773484848484848	0.136666666666667	0.149184088480951	0.0678738405669352
m4	34	Egg	2	2	1e-04	0.518064621517606	0.267300676825247	55.7915095397505	0.969202898550725	0.468071428571429	0.21193140306289	0.367735459113427
m5	34	Egg	2	2	0.1	1.30476658669772	0.269075533577328	54.9094400489902	0.85530303030303	0.279095238095238	0.179961585849343	0.182078963987181
m6	34	Egg	2	2	0	0.328058640183823	0.18972241056062	79.4268925475213	0.959009009009009	0.539619047619048	0.229044304020315	0.450089657956377
m7	34	Egg	2	2	0	0.265102985746585	0.171357696842387	72.5643862644932	0.972962962962963	0.578119047619048	0.258559619208452	0.500767978467096
m1	35	Egg	2	2	0.1	1.57399986574883	0.475714082408789	89.9894166909414	0.810576923076923	0.41947619047619	0.187632506604077	0.31984930003102
m2	35	Egg	2	2	0.1	1.23132076079928	0.365262556272589	81.539330677249	0.88	0.397952380952381	0.247373574075381	0.321263801766256
m3	35	Egg	2	2	0.1	1.70660482269396	0.180058153604112	62.7434142295122	0.748611111111111	0.11552380952381	0.133453306156388	0.052596566184861
m4	35	Egg	2	2	0.1	1.67259505596598	0.373537200907989	76.9583646822164	0.796739130434783	0.315833333333333	0.181840802464896	0.224110612543549
m5	35	Egg	2	2	0.1	2.14636309372361	0.430216589190364	65.9610722164415	0.60787037037037	0.136380952380952	0.159041930467146	0.0598100186087048
m6	35	Egg	2	2	0.1	1.44721102026255	0.462526646088037	66.5916737778947	0.840697674418605	0.380833333333333	0.231405879910201	0.294417559075828
m7	35	Egg	2	2	0.1	1.1624515759914	0.433932928439075	57.6381700740619	0.88125	0.411095238095238	0.248822836119815	0.328913898046787
m1	36	Egg	2	2	0.1	0.755232073615974	0.301414968850465	86.9652807238285	0.941463414634146	0.564285714285714	0.244963935164218	0.488192900484275
m2	36	Egg	2	2	1e-04	0.39054904435175	0.15861794467591	65.7307163540175	0.971	0.559333333333333	0.229738054124489	0.480754534619191
m3	36	Egg	2	2	0.1	1.72040335911446	0.214943383837588	62.7434142295122	0.737121212121212	0.0951666666666667	0.125714456524	0.0421416955806342
m4	36	Egg	2	2	0.1	1.20647468230973	0.359550443344887	82.856140471983	0.914930555555556	0.374309523809524	0.240284617638338	0.284023049764635
m5	36	Egg	2	2	0.1	1.49140369798012	0.32028456364795	54.3682867940656	0.823449612403101	0.303357142857143	0.198589847324949	0.218541061439729
m6	36	Egg	2	2	1e-04	0.840460702751943	1.05047946756944	63.8190850452672	0.938148148148148	0.573357142857143	0.25072164907031	0.489420453291394
m7	36	Egg	2	2	0	0.306158390765912	0.168531014558236	72.5643862644932	0.949099099099099	0.538166666666667	0.233144404031736	0.445216112837607
m1	37	Egg	2	2	0.1	1.42778391576287	0.421478376411459	108.076233912751	0.824806201550388	0.344571428571429	0.229757594408873	0.247659136940116
m2	37	Egg	2	2	0.1	1.15386670511855	0.332131068641472	90.3875454974915	0.895	0.401285714285714	0.26191228726781	0.293273919874073
m3	37	Egg	2	2	0	1.04091289328577	0.264786431451812	48.8550485526746	0.852	0.262190476190476	0.202288347089481	0.160809272774911
m4	37	Egg	2	2	0.1	1.50755699154278	0.328594953001369	65.5451774812571	0.812403100775194	0.332	0.205435127157597	0.237809627413672
m5	37	Egg	2	2	0.1	2.11345730236314	0.36605234949185	62.5476101380543	0.597674418604651	0.143952380952381	0.165188740267397	0.0701006413663063
m6	37	Egg	2	2	0.1	1.60733877039699	0.398775474749889	85.5451774794545	0.793162393162393	0.3045	0.203778215634615	0.212773477618963
m1	38	Egg	2	2	1e-04	0.00968405640218688	0.0156346848114686	84.707661913321	1	0.671761904761905	0.26186169132928	0.621921465789113
m2	38	Egg	2	2	1e-04	0.346884276953409	0.167989794898052	65.7307163540175	0.96156462585034	0.552880952380952	0.243895509794902	0.463178920905096
m3	38	Egg	2	2	0.1	1.64054930934325	0.2220172823928	62.7434142295122	0.71195652173913	0.154380952380952	0.159885306128149	0.0772942115429328
m4	38	Egg	2	2	1e-04	0.759642814439928	0.830181487999609	53.8190850443673	0.953875968992248	0.589738095238095	0.244346435393898	0.513723761814183
m5	38	Egg	2	2	0	1.02715355273011	0.206379159468827	48.9319535942226	0.865579710144928	0.25202380952381	0.200582186785947	0.172949565044586
m6	38	Egg	2	2	0	4.6451097435891e-06	5.69474403557653e-06	77.0931219703758	1	0.660761904761905	0.26813407842005	0.60212012987013
m7	38	Egg	2	2	0	0.315979789217012	0.157247327147505	72.5643862644932	0.97463768115942	0.548928571428571	0.254461186266141	0.470405941952885
m1	39	Egg	2	2	0.1	1.27948067238913	0.401790221729819	107.681976737692	0.891	0.412357142857143	0.215237769338739	0.319937728326215
m2	39	Egg	2	2	0.1	1.12064517501467	0.322047752504474	89.7687809813961	0.892380952380952	0.389857142857143	0.221862629075221	0.293389751164499
m3	39	Egg	2	2	1e-04	1.23167720935384	0.29276319189721	58.8497674085888	0.875396825396825	0.167095238095238	0.164957351678646	0.0932417489867886
m4	39	Egg	2	2	0.1	1.54323525718358	0.431105670963832	92.9731685447057	0.813333333333333	0.351761904761905	0.227724506191924	0.247835454517432
m5	39	Egg	2	2	0.1	2.16183718820792	0.346722046191171	62.5476101235009	0.590425531914894	0.128261904761905	0.138657054500244	0.0592714764003333
m6	39	Egg	2	2	0.1	1.58725451555873	0.447946439895451	76.8097252798677	0.801418439716312	0.36602380952381	0.217593479152159	0.276086742145179
m7	39	Egg	2	2	0.1	1.29622732513328	0.479584373833212	57.6381700744218	0.852906976744186	0.386666666666667	0.242820593501678	0.306870285001988
m1	40	Egg	2	2	0.1	0.826221479716083	0.348384894242755	87.419781625705	0.93375	0.553952380952381	0.260171627930011	0.477254281287058
m2	40	Egg	2	2	1e-04	0.316990981024503	0.173473018361498	65.7307163540175	0.973015873015873	0.5435	0.249678749825607	0.474836654181283
m3	40	Egg	2	2	0.1	1.66932117906556	0.265887240279368	54.5610293364934	0.73968253968254	0.142357142857143	0.151194990710267	0.0755366464414501
m4	40	Egg	2	2	0.1	1.35002558219258	0.363596374025972	74.2955572808305	0.870952380952381	0.3535	0.207954807639069	0.263158231271794
m5	40	Egg	2	2	0.1	1.71713050918156	0.353217321673773	62.4509799104219	0.766161616161616	0.201333333333333	0.18522410365456	0.121223278196517
m6	40	Egg	2	2	1e-04	0.884990416894215	0.843069599919849	63.8190850342605	0.921367521367521	0.501238095238095	0.258232481982189	0.412363308466681
m7	40	Egg	2	2	0	0.246077233813846	0.169422969155544	72.5643862644932	0.976296296296296	0.5845	0.273207400980679	0.513336762661891
m1	41	Egg	2	2	1e-04	0.344154140291217	0.193921622723565	87.3914824391645	0.963178294573643	0.555595238095238	0.24780452755614	0.474069764411524
m2	41	Egg	2	2	1e-04	0.349111266824262	0.183472711302169	80.1448636334881	0.975531914893617	0.550119047619048	0.238517512742045	0.465260200236883
m3	41	Egg	2	2	0.1	1.68391591284721	0.20597544927967	62.7434142295122	0.759090909090909	0.123666666666667	0.157619425443746	0.0599380593693357
m4	41	Egg	2	2	1e-04	0.513924442569928	0.202747274336295	65.751535080928	0.95982905982906	0.518738095238095	0.221585785965452	0.424859213250518
m5	41	Egg	2	2	1e-04	1.15476791271129	0.533626806150036	55.1193510294993	0.873958333333333	0.29	0.177256179261598	0.190169345116699
m6	41	Egg	2	2	0	0.338135552413266	0.162562945442696	79.4268925475213	0.957317073170732	0.552452380952381	0.230994267585066	0.459705613227352
m7	41	Egg	2	2	0	0.294290458148901	0.179768207556123	55.8081267108553	0.977941176470588	0.537571428571429	0.244842954896314	0.452049718638454
m1	42	Egg	2	2	1e-04	0.0911420107357259	0.0783194789696807	84.8822036797099	1	0.729	0.268330457771572	0.675522862956018
m2	42	Egg	2	2	1e-04	0.523502845384319	0.287789814044718	65.7209048908914	0.968148148148148	0.449023809523809	0.232675963149161	0.352223713873784
m3	42	Egg	2	2	0	0.962437067844416	0.16926264311994	48.8550485526746	0.893809523809524	0.268857142857143	0.194506330523366	0.17312630145707
m4	42	Egg	2	2	0	8.41651463246039e-06	5.74367997986222e-06	70.3508973351339	1	0.681666666666667	0.255154494252304	0.616926406926407
m5	42	Egg	2	2	0	0.991075357884606	0.224402284962885	48.9319535942226	0.860162601626016	0.278404761904762	0.211478392171052	0.185497380036329
m6	42	Egg	2	2	1e-04	0.325366914403245	0.273659357171989	87.7836084348885	1	0.607666666666667	0.256316609420597	0.536723042989028
m7	42	Egg	2	2	0.1	1.11369239136612	0.273955766890651	83.5467503824238	0.943877551020408	0.3955	0.235974173005177	0.306959455040546
m1	43	Egg	2	2	0.1	0.872334622792539	0.295950888646208	83.9535329598634	0.91965811965812	0.458714285714286	0.240591345851179	0.37608777688637
m2	43	Egg	2	2	1e-04	0.384955068418879	0.243919887088927	65.7306595107534	0.965384615384615	0.512333333333333	0.253803693980643	0.420292951911251
m3	43	Egg	2	2	0.1	1.6990075130511	0.252602100601865	62.7434142295122	0.747777777777778	0.118357142857143	0.136595702766736	0.0519640264755457
m4	43	Egg	2	2	0.1	1.37384421943656	0.366335302142517	82.7364998954121	0.847685185185185	0.325690476190476	0.203174404479971	0.227295346561651
m5	43	Egg	2	2	0.1	1.67792192669185	0.302189234522071	58.1873718541876	0.726086956521739	0.224261904761905	0.180727149959658	0.136255692846878
m6	43	Egg	2	2	1e-04	0.93364572809011	0.799767524583442	74.016636371407	0.933333333333333	0.454666666666667	0.244898222015938	0.352936947080509
m7	43	Egg	2	2	0	0.307745848398761	0.16201734338868	72.5643862644932	0.961240310077519	0.543166666666667	0.238048734034721	0.459372693252901
m1	44	Egg	2	2	0.1	0.891174264617387	0.300924830935652	87.419781625705	0.920416666666667	0.524714285714286	0.244389805741129	0.444642232454727
m2	44	Egg	2	2	1e-04	0.326685836310293	0.176212710221514	65.7306595107534	0.970238095238095	0.53052380952381	0.266023493416374	0.447807212313029
m3	44	Egg	2	2	0.1	1.68165678760985	0.272096705599611	54.5610335741553	0.736111111111111	0.1355	0.158568494513572	0.0656999452881909
m4	44	Egg	2	2	0.1	1.38084367450713	0.310726732874144	74.2955572808305	0.871	0.381785714285714	0.222250661703176	0.301518679894206
m5	44	Egg	2	2	0.1	1.79237588464256	0.330438044831268	62.4509799104219	0.731159420289855	0.213535714285714	0.178663328524835	0.116002160467466
m6	44	Egg	2	2	0.1	0.99687302620226	0.293674387917353	63.8190850342605	0.917857142857143	0.480214285714286	0.235514317255809	0.385370720103673
m7	44	Egg	2	2	0	0.312070040408674	0.148983732719465	72.5643862644932	0.971825396825397	0.539261904761905	0.246784793410548	0.45738705657088
m1	45	Egg	2	2	1e-04	0.341845810060811	0.176890179881332	87.3914824391653	0.982905982905983	0.542690476190476	0.249535002401807	0.461516430453194
m2	45	Egg	2	2	1e-04	0.347421032555537	0.219404784473105	65.7307163540175	0.979411764705882	0.56	0.261513766475336	0.476681401129204
m3	45	Egg	2	2	0.1	1.64522461338926	0.175240393782288	54.5610293364934	0.766260162601626	0.103928571428571	0.140226449479744	0.0431815817388068
m4	45	Egg	2	2	1e-04	0.450893220093446	0.20282515699194	65.7515223477101	0.963333333333333	0.572309523809524	0.24776831049984	0.487487836949984
m5	45	Egg	2	2	0.1	1.22156443621302	0.262252478303891	54.9094400489902	0.825757575757576	0.307595238095238	0.235708988576236	0.209311974607907
m6	45	Egg	2	2	1e-04	0.482952610818198	0.198129464488037	79.4268925475213	0.974786324786325	0.499071428571429	0.206205381945473	0.411867270197593
m7	45	Egg	2	2	0	0.316996744833088	0.146295591011697	72.5643862644932	0.955555555555555	0.542916666666667	0.260310331825725	0.456075426831645
m1	46	Egg	2	2	1e-04	0.290402156641278	0.177230485989868	78.0037527792072	0.976666666666667	0.610309523809524	0.244720486320662	0.532914688914238
m2	46	Egg	2	2	1e-04	0.336019733845746	0.138924760028736	65.7307163540175	0.965957446808511	0.5495	0.249077478604397	0.462728081944731
m3	46	Egg	2	2	0.1	1.66495449530891	0.232358631278456	54.5610293364934	0.740789473684211	0.12702380952381	0.159459139541042	0.0573238337749207
m4	46	Egg	2	2	1e-04	0.366084567064994	0.175655899666074	55.7751850109841	0.971333333333333	0.58297619047619	0.253248749699214	0.503832870028522
m5	46	Egg	2	2	0	0.907955131830206	0.16974247011093	46.8414993492399	0.902040816326531	0.248916666666667	0.169503032593406	0.137644804704412
m6	46	Egg	2	2	0	0.288509482059731	0.207112101424312	70.1635518691721	0.966176470588235	0.511166666666667	0.263800410472874	0.419484202098523
m7	46	Egg	2	2	0	0.317704620317205	0.143767401033332	72.5643862644932	0.958536585365854	0.555809523809524	0.229210196511702	0.467973367212498
m1	47	Egg	2	2	0.1	1.18558189240884	0.388923519114219	70.9537166826002	0.872072072072072	0.37397619047619	0.221761854358585	0.292785136964485
m2	47	Egg	2	2	0.1	1.26531972429345	0.386379115771638	72.8673992797578	0.842198581560284	0.4155	0.25198710841199	0.335807507709682
m3	47	Egg	2	2	0	1.48539746729636	0.242630098137417	47.833318375757	0.761627906976744	0.130357142857143	0.135601530757317	0.0531394900647025
m4	47	Egg	2	2	0.1	1.4659898055998	0.335133331138743	47.9515282100753	0.836507936507937	0.390833333333333	0.228538701911963	0.308817629833934
m5	47	Egg	2	2	0.1	1.73764460542877	0.36126172104376	62.4509799104219	0.7325	0.245404761904762	0.183081964752991	0.143070371285963
m6	47	Egg	2	2	0.1	1.24590553349268	0.520247639498011	57.6381700837453	0.863425925925926	0.403761904761905	0.220713332272762	0.321279029010755
m7	47	Egg	2	2	0.1	1.2910383383548	0.42509778096458	57.6381700740619	0.826576576576577	0.396190476190476	0.229512951828753	0.314174751205942
m1	48	Egg	2	2	0.1	0.950392793242831	0.430888436254013	73.956179320866	0.929385964912281	0.49925	0.282837987973818	0.427313559580699
m2	48	Egg	2	2	1e-04	0.50208740683719	0.22626945343482	65.7209048908914	0.96031746031746	0.444547619047619	0.222249868152522	0.357617608023113
m3	48	Egg	2	2	0	1.08037511976339	0.235224482212618	48.8550485526746	0.851020408163265	0.267309523809524	0.169293480472582	0.170864013233785
m4	48	Egg	2	2	0.1	1.13298889381377	0.28451004341198	72.9503995084888	0.910714285714286	0.482238095238095	0.22818490346285	0.394746503329654
m5	48	Egg	2	2	0.1	1.75636660301933	0.350279973604376	62.4509799104219	0.759615384615385	0.198261904761905	0.191995162436576	0.11267100015253
m6	48	Egg	2	2	0.1	1.11942187551289	0.287066343627816	73.8190850410023	0.925	0.388761904761905	0.257320294009182	0.307409817485585
m7	48	Egg	2	2	0.1	1.19372398085721	0.230578508084741	83.5467503824238	0.920833333333333	0.363785714285714	0.212109168238937	0.276556769492779
m1	49	Egg	2	2	1e-04	0.350048683447098	0.169020850987666	65.6627519327874	0.954385964912281	0.544666666666667	0.239532487456798	0.456576139754986
m2	49	Egg	2	2	0	0.33038042102722	0.21102503906213	55.7121098219622	0.974444444444444	0.543166666666667	0.264915281970998	0.461099418055063
m3	49	Egg	2	2	0	1.04525514478094	0.221632612634905	48.8550485526746	0.856666666666667	0.279916666666667	0.17118494651897	0.193183365022075
m4	49	Egg	2	2	0	0.2990249499081	0.178412675351153	65.5451774908511	0.975378787878788	0.557785714285714	0.259733413510062	0.468436076106607
m5	49	Egg	2	2	0.1	1.25984883388861	0.224818662095305	54.9094400489902	0.837407407407407	0.319071428571429	0.208739210213106	0.217555581823081
m6	49	Egg	2	2	0	0.340429459086701	0.187050423406669	65.7333648518771	0.965555555555556	0.540809523809524	0.265283643886137	0.456643842726726
m7	49	Egg	2	2	0	0.297303068810319	0.168750622592121	72.5643862644932	0.969767441860465	0.551785714285714	0.2460457974389	0.464770733776303
m1	50	Egg	2	2	0	0.283516384055962	0.141505693632025	55.6869369996994	0.969927536231884	0.5875	0.25145340708996	0.507623737471072
m2	50	Egg	2	2	0	0.278360379761115	0.208960085034092	71.02567210524	0.978282828282828	0.517047619047619	0.26359759878211	0.422405170915832
m3	50	Egg	2	2	0	1.46027765940626	0.250485387944046	47.833318375757	0.723270440251572	0.160166666666667	0.174108197457781	0.0761904253963181
m4	50	Egg	2	2	0	0.342024403500806	0.148942068057595	45.8204410478262	0.970567375886525	0.595785714285714	0.238253880529847	0.518171995664457
m5	50	Egg	2	2	0	0.9214540556473	0.174611657548925	59.7676282824273	0.902845528455285	0.287571428571429	0.19532564702425	0.180664561712248
m6	50	Egg	2	2	0	0.307862627046877	0.201232278047655	70.1635518691721	0.972592592592593	0.536214285714286	0.285308212113822	0.463774471973589
m7	50	Egg	2	2	0	0.281670714390972	0.169412469840343	72.5643862644932	0.971212121212121	0.564142857142857	0.267006547471212	0.487797683727366
m1	51	Egg	2	2	0.1	0.889937615955015	0.200751335003137	87.419781625705	0.905691056910569	0.496166666666667	0.244304999252845	0.411589022780426
m2	51	Egg	2	2	1e-04	0.385225224002242	0.208030780043876	65.7306595107534	0.963953488372093	0.512952380952381	0.243305267078066	0.433821763117118
m3	51	Egg	2	2	0.1	1.70063325921466	0.282981902942364	54.4701535789376	0.712380952380952	0.113619047619048	0.160413541137035	0.0541469674551722
m4	51	Egg	2	2	0.1	1.27325602822248	0.326342459577031	74.2955572808305	0.911458333333333	0.354404761904762	0.232643298231842	0.277645701258563
m5	51	Egg	2	2	0.1	1.72913975910137	0.351669128035745	62.4509799104219	0.817676767676768	0.172107142857143	0.191423977863733	0.102792117155319
m6	51	Egg	2	2	0.1	0.948561844520583	0.324427078950068	63.8190850342605	0.907657657657658	0.46247619047619	0.256753780792173	0.377286626437666
m7	51	Egg	2	2	0	0.283022046267047	0.149836400289214	55.8081267108553	0.964634146341463	0.576738095238095	0.252870973507318	0.496855033960347
m1	52	Egg	2	2	1e-04	0.0120314396847264	0.0163343433141518	84.707661913321	1	0.697	0.275977804537035	0.644917390697194
m2	52	Egg	2	2	1e-04	0.35513944045083	0.141787028498875	65.7307163540175	0.951550387596899	0.542833333333333	0.234894429089026	0.443881357772662
m3	52	Egg	2	2	0.1	1.57119683780135	0.201771131137086	54.5610293364934	0.75343137254902	0.135785714285714	0.148323527702475	0.0624680406876773
m4	52	Egg	2	2	1e-04	0.990700263841235	0.908691710386424	72.3180976004725	0.928571428571429	0.549452380952381	0.226158919091778	0.465775937908028
m5	52	Egg	2	2	0	1.0318709866401	0.241301394228806	48.9319535942226	0.832471264367816	0.278690476190476	0.18489737047794	0.179406467772527
m6	52	Egg	2	2	0	4.6209627113795e-06	6.05175759070999e-06	77.0931219703758	1	0.686333333333333	0.255054185391988	0.624045072574484
m7	52	Egg	2	2	0	0.309457458280966	0.145253838641375	72.5643862644932	0.967441860465116	0.55052380952381	0.246587739317476	0.469743736861549
m1	53	Egg	2	2	1e-04	0.649467415942821	0.844631530748884	87.419781625705	0.935526315789474	0.5495	0.261797453857443	0.475308952930715
m2	53	Egg	2	2	1e-04	0.37558881932964	0.168029023430495	65.7307163540175	0.963257575757576	0.525261904761905	0.243826380555664	0.441697051147571
m3	53	Egg	2	2	0.1	1.7007615538821	0.228942537436606	62.7434142295122	0.7025	0.129785714285714	0.15517132177293	0.0530531301150997
m4	53	Egg	2	2	0.1	1.33530244863434	0.306518806270356	74.2955572808305	0.879738562091503	0.391428571428571	0.21134750080457	0.293637384588296
m5	53	Egg	2	2	0.1	1.82537477398026	0.549741668506516	62.4509799104219	0.759523809523809	0.19747619047619	0.174803381216707	0.11334141762316
m6	53	Egg	2	2	0.1	0.975317862362705	0.282036942592482	63.8190850342605	0.897959183673469	0.495	0.249201868508721	0.407111073602442
m7	53	Egg	2	2	0	0.278539789938511	0.151950607666389	72.5643862644932	0.967006802721088	0.557166666666667	0.26891158389907	0.477016845706888
m1	54	Egg	2	2	1e-04	0.460380063418194	0.182069714330765	78.023322580286	0.961240310077519	0.489619047619048	0.238186495257986	0.408378596711294
m2	54	Egg	2	2	1e-04	0.594670995356431	0.259091223902375	80.1059339764004	0.972072072072072	0.431583333333333	0.222387233558565	0.337039138748115
m3	54	Egg	2	2	1e-04	1.1348806520894	0.267348681428309	58.8497795735972	0.854878048780488	0.2095	0.172949831511851	0.111832346987089
m4	54	Egg	2	2	1e-04	0.59007733805291	0.413408189103532	65.7546177694132	0.977631578947368	0.439119047619048	0.248548145721623	0.363094601051123
m5	54	Egg	2	2	0	0.909681733498986	0.162317297453703	46.8414993492399	0.891851851851852	0.25752380952381	0.201295001181425	0.161998418481939
m6	54	Egg	2	2	1e-04	0.505183106457234	0.235198760856361	80.6959241999074	0.965942028985507	0.477666666666667	0.24340020297922	0.395363644128195
m7	54	Egg	2	2	0.1	1.12565047459806	0.220717275202061	83.5467503824238	0.925416666666667	0.397166666666667	0.21955539964416	0.316871507369832
m1	55	Egg	2	2	1e-04	0.281623036660437	0.180819085217563	65.6766845028364	0.970833333333333	0.574333333333333	0.260572407975173	0.494318217446372
m2	55	Egg	2	2	1e-04	0.322956212833773	0.225595192501471	65.7306595107534	0.973333333333333	0.530952380952381	0.284206378420982	0.462273713178658
m3	55	Egg	2	2	0.1	1.6767417765838	0.28538027141112	54.5610335741553	0.722549019607843	0.153119047619048	0.18099879629261	0.0751394140812299
m4	55	Egg	2	2	1e-04	0.41941130889113	0.229502330977951	55.7751356134945	0.957608695652174	0.532666666666667	0.262252181133999	0.447932425345603
m5	55	Egg	2	2	0	0.898458472012946	0.133645418049894	59.7676282824273	0.896296296296296	0.268357142857143	0.178055948304289	0.154874176070506
m6	55	Egg	2	2	0	0.343862225256141	0.17890520677165	70.1635518691721	0.961904761904762	0.553880952380952	0.276570175507678	0.470321950675346
m7	55	Egg	2	2	0	0.289120105937745	0.158292315737164	55.8081267108553	0.973202614379085	0.594309523809524	0.246381517188659	0.518227150324479
m1	56	Egg	2	2	0.1	1.05439344009868	0.294935244491247	83.9596097739365	0.918888888888889	0.377119047619048	0.231713140592247	0.288796114512361
m2	56	Egg	2	2	1e-04	1.03627119683856	0.734947054539601	65.7473469628174	0.928888888888889	0.47352380952381	0.224913939172073	0.37361430023171
m3	56	Egg	2	2	0.1	1.68181740606009	0.245208123394222	62.7434142295122	0.756802721088435	0.156309523809524	0.160164291481265	0.0877324771745728
m4	56	Egg	2	2	0.1	1.3632236604038	0.399500716066195	82.7364998954121	0.874603174603175	0.316	0.218969724946118	0.217148755126375
m5	56	Egg	2	2	0.1	1.55732893813897	0.326609120345459	58.1873718459868	0.784722222222222	0.191119047619048	0.18230264269358	0.109423890095677
m6	56	Egg	2	2	0.1	1.11196845209258	0.31226484281967	99.6014212966675	0.945925925925926	0.393357142857143	0.234605326159229	0.308299622807404
m7	56	Egg	2	2	0.1	1.2076696921393	0.271116454133323	65.8385792459791	0.939236111111111	0.374190476190476	0.207166413769495	0.294000570092394
m1	57	Egg	2	2	0	0.298917623546739	0.195781384508402	77.9888440729038	0.983333333333333	0.56122619047619	0.256876735912805	0.488271146699051
m2	57	Egg	2	2	0	0.315965071515183	0.152572633938853	71.02567210524	0.963768115942029	0.578	0.259195422636281	0.498594711623113
m3	57	Egg	2	2	0	1.45686932846378	0.206879739424552	47.833318375757	0.766666666666667	0.122095238095238	0.150670596103553	0.0596282886701891
m4	57	Egg	2	2	1e-04	0.552603609259364	0.220628142086396	55.7915095397505	0.969230769230769	0.413785714285714	0.234314449124968	0.322434372532838
m5	57	Egg	2	2	0.1	1.25126762141706	0.254252495683879	54.9094400489902	0.828409090909091	0.295309523809524	0.209933749730125	0.188087071842886
m6	57	Egg	2	2	0	0.375150149810809	0.212554022505892	79.4268925475213	0.951893939393939	0.525428571428571	0.250089170748247	0.428142654447002
m7	57	Egg	2	2	0	0.317477833129617	0.153269564242115	72.5643862644932	0.965416666666667	0.557833333333333	0.236780955319733	0.47339945597743
m1	58	Egg	2	2	1e-04	0.0301552971155138	0.0306225360068161	94.109657963382	1	0.679666666666667	0.292360454304788	0.625610223110223
m2	58	Egg	2	2	1e-04	0.370004331663555	0.232945178283058	65.7307163540175	0.968181818181818	0.5205	0.263169993667171	0.431036586835325
m3	58	Egg	2	2	0.1	1.63794493703104	0.208264181933635	62.7434142295122	0.755454545454545	0.153547619047619	0.157491739972611	0.0829104994219472
m4	58	Egg	2	2	1e-04	0.902246502396555	0.9601999452632	80.8081646010406	0.950680272108844	0.535547619047619	0.263387132699362	0.453460566607306
m5	58	Egg	2	2	0.1	1.41836798874745	0.269976708676969	57.0024326538746	0.798958333333333	0.272452380952381	0.191114627196278	0.185282663542079
m6	58	Egg	2	2	0	0.0149097433612257	0.0720669677418786	86.3734642015636	1	0.710333333333333	0.276083519951439	0.663234133513545
m7	58	Egg	2	2	0	0.30311559972959	0.166152923616084	72.5643862644932	0.95359477124183	0.607452380952381	0.240000948399372	0.527993925865543
m1	59	Egg	2	2	1e-04	0.272701941316924	0.160802606552886	78.0037527792072	0.972463768115942	0.582619047619048	0.258996600562727	0.509868876184042
m2	59	Egg	2	2	1e-04	0.382374282541367	0.169027500595056	65.7307163540175	0.975581395348837	0.530142857142857	0.220081739280076	0.446840175486038
m4	59	Egg	2	2	1e-04	0.422156123017858	0.22592939881233	55.7751850109841	0.975225225225225	0.523071428571429	0.252073945201814	0.442903668794973
m5	59	Egg	2	2	0	0.910445540720694	0.168198997465832	59.7676282824273	0.902252252252252	0.25352380952381	0.190244110659018	0.156124934895599
m6	59	Egg	2	2	0	0.241784932863855	0.173929465991109	70.1635518691721	0.982857142857143	0.554690476190476	0.249080963806173	0.467423981231485
m7	59	Egg	2	2	0	0.306670920736222	0.168684009015426	72.5643862644932	0.969105691056911	0.5395	0.259582404433271	0.450422787812817
m1	60	Egg	2	2	0	0.330799885127743	0.173071504558488	55.6798676906278	0.941666666666667	0.518523809523809	0.268521426304697	0.430414382739335
m2	60	Egg	2	2	0	0.332160792892417	0.169952116441288	71.02567210524	0.976016260162602	0.544	0.244519272293633	0.44913025007814
m3	60	Egg	2	2	0	1.49113815192283	0.229489798063485	47.833318375757	0.7675	0.121428571428571	0.147836114050057	0.0519202817642715
m4	60	Egg	2	2	0	0.330106058350757	0.167435218287451	55.7788781201513	0.976923076923077	0.577214285714286	0.23214184087295	0.486347329388704
m5	60	Egg	2	2	0	0.629585781627676	0.232509564166691	51.3463398506223	0.928	0.3925	0.227023572743822	0.294874944363724
m6	60	Egg	2	2	0	0.319412368975854	0.134253618476221	69.3533473476495	0.968518518518519	0.52	0.240720019828281	0.436714527535138
m7	60	Egg	2	2	0	0.308016922957114	0.150127758503905	72.5643862644932	0.970486111111111	0.587380952380952	0.232246218402185	0.502913475353118
m1	61	Egg	2	2	0	0.319878962153148	0.150545427298458	77.9888440729038	0.964	0.561714285714286	0.270600468369433	0.471737080124177
m2	61	Egg	2	2	0	0.332965945778327	0.172876637040272	71.02567210524	0.96031746031746	0.539166666666667	0.266070197820707	0.452988354313627
m3	61	Egg	2	2	0	1.49406348361261	0.256606814187306	47.833318375757	0.744927536231884	0.115619047619048	0.159834298287031	0.0628941515191006
m4	61	Egg	2	2	1e-04	0.510668896219633	0.173435132569763	55.7915095397505	0.957539682539683	0.488309523809524	0.191510866741247	0.388871595211707
m5	61	Egg	2	2	1e-04	1.26386266305783	0.723540974163468	54.9094400489902	0.879166666666667	0.313	0.201461829354517	0.21096925050584
m6	61	Egg	2	2	1e-04	0.417934895426868	0.185767627947362	79.4268925475213	0.962698412698413	0.481	0.261642699796693	0.399466123634499
m7	61	Egg	2	2	0	0.30591954092418	0.167602360621272	72.5643862644932	0.977777777777778	0.595333333333333	0.232888946719092	0.516041883840797
m1	62	Egg	2	2	0.1	0.849138470536934	0.257993906281709	63.8190850342077	0.938148148148148	0.5255	0.262022426452556	0.44920548557022
m2	62	Egg	2	2	0	0.265234197256986	0.182824278544413	71.02567210524	0.971428571428571	0.563071428571429	0.256583641613214	0.475748840742076
m3	62	Egg	2	2	0	1.50501158791746	0.213523772190618	47.833318375757	0.741463414634146	0.118595238095238	0.143050092159706	0.0523303957990968
m4	62	Egg	2	2	0.1	1.36647221283011	0.335772776194721	47.6381700808848	0.863333333333333	0.436928571428571	0.222430199265818	0.343253588860882
m5	62	Egg	2	2	0.1	1.775032729002	0.391583502025949	62.4509799104219	0.771153846153846	0.216	0.185666512521924	0.134818971320322
m6	62	Egg	2	2	0.1	0.854319203026211	0.270018151760469	63.8190850342605	0.945416666666667	0.481761904761905	0.249732952494831	0.395680464658818
m7	62	Egg	2	2	0	0.288946117217327	0.185281801620942	55.8081267108553	0.969551282051282	0.605261904761905	0.239735164038404	0.519462302365703
m1	63	Egg	2	2	0	0.314807128793404	0.152527823692721	77.9888440883041	0.949333333333333	0.596666666666667	0.25252929289697	0.509810184507899
m2	63	Egg	2	2	0	0.312912836784157	0.183388628453023	55.7438493058777	0.970731707317073	0.543880952380952	0.231609908577943	0.448632305212211
m3	63	Egg	2	2	0	1.47596042304906	0.289338147130011	47.833318375757	0.760606060606061	0.119357142857143	0.167072499440131	0.0629454491552503
m4	63	Egg	2	2	0	0.388908194077885	0.301176233719477	55.7917767843013	0.974122807017544	0.501571428571429	0.24183551348885	0.411280665036063
m5	63	Egg	2	2	1e-04	1.19439489572035	0.588541415289698	54.9094400489902	0.860666666666667	0.3295	0.201855241994204	0.222318693489224
m6	63	Egg	2	2	0	0.389208484396951	0.312271140516708	79.4268925475213	0.950406504065041	0.514047619047619	0.25999291263441	0.421942747761822
m7	63	Egg	2	2	0	0.323044298741595	0.150239881183304	72.5643862644932	0.96530612244898	0.563357142857143	0.248741051218725	0.48409477595803
m1	64	Egg	2	2	0.1	0.907236382068929	0.198874150765936	73.8190850302095	0.935772357723577	0.450928571428571	0.223451786748146	0.366546754379328
m2	64	Egg	2	2	0	0.330123796025643	0.124266957156937	55.7438493058777	0.971138211382114	0.548452380952381	0.227600444567752	0.457786118255696
m3	64	Egg	2	2	0	1.48828136450336	0.186019920242605	47.833318375757	0.761574074074074	0.147	0.144257454724345	0.0739435313057539
m4	64	Egg	2	2	0.1	1.31737128828539	0.407113924728171	57.6381700872802	0.869503546099291	0.3525	0.230336393339222	0.262089464882943
m5	64	Egg	2	2	0.1	1.63979227729269	0.336757898595342	58.1873718541876	0.73989898989899	0.210452380952381	0.183293160706719	0.12413117532098
m6	64	Egg	2	2	0.1	0.982491030428542	0.271380488175429	73.8190850354456	0.932407407407407	0.456785714285714	0.2210009149458	0.375395284568579
m7	64	Egg	2	2	0	0.271855312433178	0.151028115314015	72.5643862644932	0.977536231884058	0.586833333333333	0.242523385661244	0.505894389244192
m1	65	Egg	2	2	0.1	0.952698255338054	0.259636510797201	63.9705047893664	0.904824561403509	0.523333333333333	0.224683341206991	0.442314967874575
m2	65	Egg	2	2	0	0.339753653616158	0.131842816219602	55.7438493058777	0.961224489795918	0.566452380952381	0.24977900743463	0.48058683295845
m3	65	Egg	2	2	0	1.45428270594912	0.236300937272814	47.833318375757	0.774652777777778	0.164666666666667	0.148775020531024	0.0764216897628126
m4	65	Egg	2	2	0.1	1.42717375464807	0.372444032087621	47.9515282100753	0.829513888888889	0.414880952380952	0.224597533824405	0.320317194669496
m5	65	Egg	2	2	0.1	1.7797002361449	0.272285467847177	62.4509799104219	0.775396825396825	0.201285714285714	0.186448954475796	0.120569521707462
m6	65	Egg	2	2	0.1	0.989152948218655	0.273707884990905	63.8190850342605	0.915503875968992	0.453023809523809	0.244087616239299	0.358130202439944
m7	65	Egg	2	2	0	0.350647686171579	0.135902728209668	72.5643862644932	0.968803418803419	0.543952380952381	0.214251886592937	0.45993761871602
m1	66	Egg	2	2	0	0.323503926324028	0.208430512531134	55.6798676906278	0.978985507246377	0.590119047619048	0.249318771114587	0.507930425315355
m2	66	Egg	2	2	0	0.316894329907972	0.168294068296229	55.7438493058777	0.96268115942029	0.571452380952381	0.259572124613752	0.479818115075942
m3	66	Egg	2	2	0	1.53888235074849	0.212919585701678	47.833318375757	0.789716312056738	0.107333333333333	0.145090242439588	0.048701117018861
m4	66	Egg	2	2	0	0.33662817650929	0.143639559666888	55.7788781201513	0.960714285714286	0.532428571428571	0.244289971056002	0.447854668064521
m5	66	Egg	2	2	0	0.634949031049317	0.200229658076889	51.3463398506223	0.951136363636364	0.40352380952381	0.226043845031826	0.303351763908949
m6	66	Egg	2	2	0	0.327931711743527	0.158224053120925	69.3533473476495	0.965277777777778	0.581357142857143	0.245508696678464	0.49693240472711
m7	66	Egg	2	2	0	0.348259890468718	0.129311936024722	72.5643862644932	0.975	0.545	0.230033179668928	0.453168026691438
m1	67	Egg	2	2	0.1	0.914853414089869	0.327092631130301	63.9705047893664	0.904700854700855	0.531857142857143	0.24067310098519	0.451546051257952
m2	67	Egg	2	2	0	0.302477303157522	0.191763966713841	71.02567210524	0.964227642276423	0.548690476190476	0.254738724653804	0.458506743150285
m3	67	Egg	2	2	0	1.45449820632278	0.248661468423846	47.833318375757	0.772101449275362	0.146428571428571	0.185959095437742	0.0856122389696765
m4	67	Egg	2	2	0.1	1.3176207029263	0.336800297447554	66.7468006826259	0.879710144927536	0.429	0.243035655751023	0.342812209776858
m5	67	Egg	2	2	0.1	1.75998594657004	0.347444040658059	62.4509799104219	0.756028368794326	0.197595238095238	0.159110473318742	0.100857137863924
m6	67	Egg	2	2	0.1	0.971096755244408	0.275658270624888	63.8190850342605	0.915359477124183	0.542285714285714	0.250513826393515	0.463086471845483
m7	67	Egg	2	2	0	0.28490940140632	0.149106698261576	72.5643862644932	0.970930232558139	0.573809523809524	0.231912757041878	0.49680018850512
m1	68	Egg	2	2	0.1	1.411014608151	0.464289624960484	81.2649970562838	0.815909090909091	0.431357142857143	0.214878943428417	0.351093475327439
m2	68	Egg	2	2	0.1	1.19545168044455	0.318578316197134	72.8673992797578	0.879901960784314	0.373714285714286	0.204297974384629	0.284102253200593
m3	68	Egg	2	2	0	1.42905608245097	0.258864178810257	47.833318375757	0.76	0.151761904761905	0.186993356820736	0.0922860729149299
m4	68	Egg	2	2	0.1	1.78498452437345	0.466751556752356	51.0903549787811	0.723333333333333	0.335833333333333	0.229482106136921	0.24913744470243
m5	68	Egg	2	2	0.1	2.06697790021326	0.329544408996625	54.5225021046362	0.660416666666667	0.11952380952381	0.133427352957121	0.0550959421013769
m6	68	Egg	2	2	0.1	1.42763870480553	0.486295901497033	66.5916737778947	0.80625	0.421214285714286	0.236004309699725	0.326807828388856
m7	68	Egg	2	2	0.1	1.17598438467388	0.375567909165893	57.6381700740619	0.858760683760684	0.421357142857143	0.230878224310364	0.340906272126933
m1	69	Egg	2	2	0.1	0.703035042690044	0.214995259327409	73.9590369419296	0.940697674418605	0.525357142857143	0.24591403761545	0.439684645532121
m2	69	Egg	2	2	0.1	0.856961336679182	0.241335914774457	79.4243041159123	0.952032520325203	0.490833333333333	0.238934397826362	0.40306052463061
m3	69	Egg	2	2	0.1	1.74139411941447	0.2622095213559	62.7434142295122	0.740697674418605	0.102666666666667	0.13683778398008	0.0453224452307036
m4	69	Egg	2	2	1e-04	0.95471918166875	0.891902369002494	63.8190850303379	0.921621621621622	0.474166666666667	0.227151669011666	0.384200837027697
m5	69	Egg	2	2	0.1	1.37098269943616	0.260958905600754	57.2102037297545	0.791666666666667	0.296047619047619	0.216749826790751	0.206808712400854
m6	69	Egg	2	2	0	0.325757272214445	0.177399817943136	65.7345478242908	0.957142857142857	0.548119047619048	0.25943372654945	0.464755911981894
m7	69	Egg	2	2	0	0.312235324390162	0.183327351045122	72.5643862644932	0.948333333333333	0.579785714285714	0.218707647325171	0.486921171220084
m1	70	Egg	2	2	0.1	0.77628810467789	0.285052610774475	73.8190850337269	0.93452380952381	0.546023809523809	0.282223556264976	0.464113649343453
m2	70	Egg	2	2	1e-04	0.427576824214569	0.207209068032787	65.7306595107534	0.958823529411765	0.471166666666667	0.228642789635985	0.386779685512628
m3	70	Egg	2	2	0.1	1.67472237500901	0.253478470142732	54.5610335741553	0.75718954248366	0.128952380952381	0.179278772222061	0.0648306446004845
m4	70	Egg	2	2	0.1	1.37363487751445	0.43594917105211	74.2955572808305	0.853240740740741	0.32352380952381	0.235401617513999	0.222780621110873
m5	70	Egg	2	2	0.1	1.73248289148282	0.304731214808683	50.1424480196999	0.764728682170543	0.2185	0.176604318456312	0.137981518392231
m6	70	Egg	2	2	1e-04	0.846918942432634	1.075010422638	79.7285531201915	0.943560606060606	0.545738095238095	0.253780661011499	0.464615252356649
m7	70	Egg	2	2	0	0.321379895938144	0.151329088052449	72.5643862644932	0.964393939393939	0.582952380952381	0.215095131022822	0.496912913386699
m1	71	Egg	2	2	0.1	1.25613951487659	0.472398481647528	70.9537166826002	0.820740740740741	0.463452380952381	0.247595083154199	0.371659864038324
m2	71	Egg	2	2	0.1	1.14747182338879	0.352708182248918	57.6381700678351	0.882456140350877	0.407404761904762	0.228994891675907	0.324782791696794
m3	71	Egg	2	2	0	1.48006905729624	0.231213279798269	47.833318375757	0.787755102040816	0.121595238095238	0.162832364876531	0.0537924017585143
m4	71	Egg	2	2	0.1	1.38998494810813	0.376653023112261	47.9515282100753	0.844444444444444	0.397238095238095	0.243035735858874	0.308293803215045
m5	71	Egg	2	2	0.1	1.78237540966198	0.459058306556055	62.4509799104219	0.761382113821138	0.188595238095238	0.198308860274343	0.112788655363165
m6	71	Egg	2	2	0.1	1.29265463866276	0.578993065735661	57.6381700837453	0.832638888888889	0.433690476190476	0.261521293236336	0.342586896973994
m7	71	Egg	2	2	0.1	1.32201472190879	0.388545400812703	57.6381700740619	0.842	0.434833333333333	0.232370488167159	0.345507936897137
m1	72	Egg	2	2	1e-04	0.619887958571937	0.626008322417943	63.9705047893664	0.967479674796748	0.531214285714286	0.257664724167659	0.45173855597418
m2	72	Egg	2	2	0	0.306943747299125	0.171946438187012	55.7438493058777	0.955284552845528	0.528452380952381	0.266645273097383	0.441428590627764
m3	72	Egg	2	2	0	1.49193972418917	0.252212382304686	47.833318375757	0.772649572649573	0.118738095238095	0.154234553109286	0.0614144784399521
m4	72	Egg	2	2	0.1	1.3425567361316	0.30723970452105	66.7468006826259	0.868402777777778	0.431166666666667	0.23289538245238	0.345709294541775
m5	72	Egg	2	2	0.1	1.77379661457226	0.339618985479538	50.1424480196999	0.744326241134752	0.213833333333333	0.172459188555356	0.109811901426682
m6	72	Egg	2	2	0.1	0.938649308328035	0.307599541198797	63.8190850342605	0.921544715447154	0.479428571428571	0.229364834703805	0.392813235570908
m7	72	Egg	2	2	0	0.320335766280039	0.195100400910926	72.5643862644932	0.964015151515151	0.557666666666667	0.266060126703203	0.482868037010703
m1	73	Egg	2	2	0.1	0.824036899529536	0.254213017694113	63.8190850342077	0.934782608695652	0.531595238095238	0.249553038458962	0.457416159709636
m2	73	Egg	2	2	0	0.267445328087374	0.155334418394102	55.7438493058777	0.972348484848485	0.596547619047619	0.249396847943722	0.518807309625858
m3	73	Egg	2	2	0	1.4557697963312	0.247924545329436	47.833318375757	0.780902777777778	0.121857142857143	0.151694876571367	0.0490220827666554
m4	73	Egg	2	2	0.1	1.37974952947396	0.343649586862002	47.9515282100753	0.859523809523809	0.4005	0.237143672089561	0.318315195780349
m5	73	Egg	2	2	0.1	1.77036284780876	0.42874761600199	62.4509799104219	0.746341463414634	0.234178571428571	0.178458782411677	0.140451533636729
m6	73	Egg	2	2	1e-04	0.771210022600712	0.938165962222726	63.8190850342605	0.947666666666667	0.576785714285714	0.296901274920093	0.493177459925463
m7	73	Egg	2	2	0	0.277646162988679	0.130799609044182	72.5643862644932	0.964772727272727	0.570952380952381	0.237935733007853	0.487330919080919
m1	74	Egg	2	2	0.1	1.23995650600468	0.500229339875374	79.7356572655074	0.859126984126984	0.439380952380952	0.226305107531744	0.353309876868986
m2	74	Egg	2	2	0.1	1.10285836400885	0.380376339144403	81.539330677249	0.888652482269504	0.448547619047619	0.256094744349289	0.362576014242337
m3	74	Egg	2	2	0.1	1.61377355356697	0.237032263101572	54.5610335741553	0.765248226950355	0.141190476190476	0.161844094963219	0.0699894065728568
m4	74	Egg	2	2	0.1	1.3994165881019	0.402470913846168	74.2955572808305	0.864465408805031	0.3555	0.225929368798628	0.264484351786596
m5	74	Egg	2	2	0.1	1.83120791902731	0.421794455168293	62.4509799104219	0.731372549019608	0.170214285714286	0.163002213458409	0.0950593612482999
m6	74	Egg	2	2	0.1	1.26992691827979	0.442182451393765	57.6381700837453	0.850793650793651	0.399714285714286	0.251493917055377	0.306825241531201
m7	74	Egg	2	2	0.1	1.23447136595477	0.401044454301837	57.6381700740619	0.8625	0.414166666666667	0.262876411579134	0.338853197372575
m1	75	Egg	2	2	0.1	1.20528532962844	0.461025534586557	79.7356572655074	0.876190476190476	0.42097619047619	0.239355657327547	0.337032545321412
m2	75	Egg	2	2	0.1	1.13817999684261	0.380478909961542	81.539330677249	0.898333333333333	0.441309523809524	0.227665345496065	0.352858377130116
m3	75	Egg	2	2	0.1	1.72362079999005	0.223384923002334	62.7434142295122	0.723412698412698	0.0722619047619048	0.119677685721496	0.030895425226947
m4	75	Egg	2	2	0.1	1.3041169487182	0.411168089035958	74.2955572808305	0.895614035087719	0.359047619047619	0.228007310527536	0.270933924683883
m5	75	Egg	2	2	0.1	1.72089269345548	0.293866825479745	62.4509799104219	0.751666666666667	0.2335	0.176582074277739	0.138217970435362
m6	75	Egg	2	2	0.1	1.28526750547124	0.448061960743588	57.6381700837453	0.834166666666667	0.436119047619048	0.256645800526292	0.359884325877489
m7	75	Egg	2	2	0.1	1.28876838584487	0.447407043961931	57.6381700744218	0.845265151515151	0.438666666666667	0.232150440793236	0.358859454010225
m1	76	Egg	2	2	0.1	1.25398720978921	0.416128375642254	107.681976737692	0.883333333333333	0.3955	0.264425079929312	0.31263561970851
m2	76	Egg	2	2	0.1	1.00768163464136	0.281195902411856	89.7687809813961	0.924333333333333	0.506523809523809	0.22488296301254	0.417190383142831
m3	76	Egg	2	2	1e-04	1.19516508722261	0.269376254659249	58.8497674085888	0.856410256410256	0.190119047619048	0.169587670238383	0.106655676763871
m4	76	Egg	2	2	0.1	1.53476839906403	0.414019377764978	92.9731685447057	0.838372093023256	0.291666666666667	0.215563105147392	0.203942244669227
m5	76	Egg	2	2	0.1	2.1996875043784	0.419965715130412	62.5476101235009	0.572727272727273	0.141428571428571	0.152078147311399	0.0636754270740947
m6	76	Egg	2	2	0.1	1.49591996723562	0.436364532546632	76.8097252798677	0.819833333333333	0.387333333333333	0.212833484281551	0.287780237177502
m7	76	Egg	2	2	0.1	1.30797481284695	0.45105730615372	57.6381700744218	0.825219298245614	0.352666666666667	0.256833869191032	0.266157019459046
m1	77	Egg	2	2	1e-04	0.721108542408622	0.868721824523376	83.9535329598634	0.953703703703704	0.567595238095238	0.276000891749882	0.483007528662547
m2	77	Egg	2	2	1e-04	0.368211563307828	0.180766479835199	65.7307163540175	0.946969696969697	0.536	0.254385993021563	0.451563817669007
m3	77	Egg	2	2	0.1	1.65327487107495	0.172367975026169	54.5610293364934	0.749242424242424	0.146833333333333	0.143091860647676	0.0669785370076394
m4	77	Egg	2	2	0.1	1.35187936700247	0.357956372828497	82.7364998954121	0.884234234234234	0.294440476190476	0.218779248191097	0.207061879829223
m5	77	Egg	2	2	0.1	1.67290453802487	0.264834125595651	58.1873718459868	0.705681818181818	0.222833333333333	0.180653120493069	0.118604348855638
m6	77	Egg	2	2	0.1	1.01542620991321	0.279198454147045	73.8190850354456	0.897685185185185	0.430714285714286	0.222015596578841	0.332859326026413
m7	77	Egg	2	2	0	0.282605851767829	0.14693368056109	72.5643862644932	0.963725490196078	0.495857142857143	0.261380300457553	0.413250373478137
m1	78	Egg	2	2	0	0.262684504672905	0.175001227800541	65.6803090234583	0.975396825396825	0.5885	0.237713752826437	0.506793369069398
m2	78	Egg	2	2	0	0.32358734160422	0.150850797293537	55.7438493058777	0.965625	0.526190476190476	0.279125159341685	0.446167464022653
m3	78	Egg	2	2	0	1.47457199327611	0.249304547626788	47.833318375757	0.801666666666667	0.124928571428571	0.158272592659368	0.0654605513700885
m4	78	Egg	2	2	1e-04	0.482824621259128	0.230099969986104	55.7917767843013	0.948198198198198	0.469833333333333	0.234445342044335	0.361053262550476
m5	78	Egg	2	2	0.1	1.34054685789822	0.259208174216302	54.9094400489902	0.853703703703704	0.248333333333333	0.185645051906639	0.154961420238316
m6	78	Egg	2	2	0	0.352608767422778	0.167782168274913	79.4268925475213	0.95990990990991	0.525047619047619	0.23904559730398	0.426372736978749
m7	78	Egg	2	2	0	0.357862141354886	0.21191471931733	72.5643862644932	0.963095238095238	0.5565	0.250844756834631	0.476393646442384
m1	79	Egg	2	2	0.1	1.11685802580804	0.450946709045393	89.0754002665691	0.898837209302326	0.442333333333333	0.267207154282334	0.365069637770859
m2	79	Egg	2	2	0.1	1.30951047054743	0.417801334524243	81.539330677249	0.87	0.39947619047619	0.248259379450406	0.304756408938103
m3	79	Egg	2	2	0.1	1.73363703709688	0.22841621501328	62.7434142295122	0.712403100775194	0.102333333333333	0.136206830906655	0.0460713470109353
m4	79	Egg	2	2	0.1	1.21711108854137	0.34766523910144	82.7364998954121	0.921631205673759	0.364214285714286	0.227091684574262	0.268676426897133
m5	79	Egg	2	2	0.1	1.76598737879578	0.481116242642173	58.1873718022465	0.724774774774775	0.219452380952381	0.17385878807916	0.139574056055596
m6	79	Egg	2	2	0.1	1.16830312983471	0.435076254580407	67.6381700731842	0.882017543859649	0.413690476190476	0.233745102749538	0.32492282123535
m7	79	Egg	2	2	0.1	1.17044586951624	0.342641525534749	57.6381700740619	0.88125	0.421333333333333	0.244606007214525	0.336818278622761
m1	80	Egg	2	2	0.1	0.852489058629457	0.341659445586165	96.1309413539172	0.969230769230769	0.557785714285714	0.243923109054116	0.487542662679098
m2	80	Egg	2	2	0.1	0.802740978622593	0.238997886254729	87.4858472026714	0.994326241134752	0.574785714285714	0.273245460154829	0.503921210562577
m3	80	Egg	2	2	0	1.04209459889954	0.233430621402681	48.8550485526746	0.873666666666667	0.272095238095238	0.197817601071563	0.18463870923373
m4	80	Egg	2	2	0.1	1.17070354933353	0.309345437190231	74.0156510597705	0.918439716312057	0.469071428571429	0.230120784800596	0.386600809662521
m5	80	Egg	2	2	0.1	1.93921125544173	0.313790159202081	54.6944287125494	0.710294117647059	0.111833333333333	0.134512775856745	0.04192291722248
m6	80	Egg	2	2	0.1	1.1999680558366	0.308656085306908	73.8190850292935	0.9	0.416333333333333	0.240358178292426	0.338942675253685
m7	80	Egg	2	2	0.1	1.00383464748712	0.334606414767842	63.8190850354217	0.914705882352941	0.517	0.249735887425123	0.440858154028685
m1	81	Egg	2	2	0	0.389502775560721	0.193193837733785	55.6869369996994	0.969105691056911	0.514833333333333	0.241318218501859	0.421148212277302
m2	81	Egg	2	2	0	0.338483677119179	0.170870537554462	71.02567210524	0.935271317829457	0.56752380952381	0.245007765300156	0.468753577022097
m3	81	Egg	2	2	0	1.48930289076018	0.246024123191353	47.833318375757	0.746153846153846	0.121666666666667	0.153091963441856	0.0601452318856514
m4	81	Egg	2	2	0	0.358659352300343	0.156559050103209	45.8204410478262	0.946739130434783	0.566666666666667	0.241259160924082	0.472959701234915
m5	81	Egg	2	2	0	0.959771971376545	0.173659821316749	46.8414993492399	0.905434782608696	0.251428571428571	0.16815490290595	0.144363846532149
m6	81	Egg	2	2	0	0.270973885293621	0.144836123938347	70.1635518691721	0.973106060606061	0.586095238095238	0.253918357291808	0.510356950202672
m7	81	Egg	2	2	0	0.294564188837356	0.151266801369632	72.5643862644932	0.962280701754386	0.553095238095238	0.237542046147895	0.46937915966414
m1	82	Egg	2	2	0.1	1.29689042812565	0.428886487265117	90.4657736126489	0.872480620155039	0.368285714285714	0.219892154497841	0.280109503519569
m2	82	Egg	2	2	0.1	1.2333185168919	0.367171528727882	57.6381700678351	0.83968253968254	0.418666666666667	0.210981884957032	0.333831391444955
m3	82	Egg	2	2	0	1.51168428305259	0.246151282303906	47.833318375757	0.73	0.121452380952381	0.155042109529448	0.0472295190440507
m4	82	Egg	2	2	0.1	1.71036452055994	0.473247051605519	61.090354997362	0.741481481481482	0.308952380952381	0.2040461780055	0.223876449647622
m5	82	Egg	2	2	0.1	2.16200382324379	0.376005084203703	62.547610069698	0.59811320754717	0.121666666666667	0.159271982891628	0.0543834131176966
m6	82	Egg	2	2	0.1	1.48521571618732	0.38683388819681	76.8097252798677	0.824431818181818	0.348690476190476	0.206843224544755	0.25356412076164
m7	82	Egg	2	2	0.1	1.21441701339916	0.425234380069279	57.6381700740619	0.834756097560976	0.429	0.275573272483554	0.342143827468483
m1	83	Egg	2	2	1e-04	0.327412635128156	0.189315979839198	75.6704554124377	0.964728682170543	0.5355	0.278671843990376	0.456360961852547
m2	83	Egg	2	2	1e-04	0.358386832014778	0.187756157534682	65.7306595107534	0.952845528455285	0.535	0.246154486908861	0.448879741168135
m4	83	Egg	2	2	1e-04	0.488240448731538	0.227990537220997	65.751535080928	0.961224489795918	0.557666666666667	0.24923474346746	0.464135468005922
m5	83	Egg	2	2	0.1	1.21618382195446	0.246745047632365	54.9094400489902	0.853174603174603	0.298119047619048	0.189446862529461	0.173993603912794
m6	83	Egg	2	2	0	0.342118314430017	0.193947010755331	65.7333648515315	0.973263888888889	0.560166666666667	0.25308306573015	0.473112397071566
m7	83	Egg	2	2	0	0.330614103923099	0.187962863863001	72.5643862644932	0.968794326241135	0.583571428571429	0.244858371266803	0.50425030322646
m1	84	Egg	2	2	0.1	1.37041789888468	0.39485609526371	99.3179412028625	0.853875968992248	0.374619047619048	0.204831867193556	0.283343631503478
m2	84	Egg	2	2	0.1	1.22731076163929	0.353808289044612	81.539330677249	0.879166666666667	0.409119047619048	0.247547593706845	0.312103361516931
m3	84	Egg	2	2	0.1	1.75607673982865	0.243551018314127	54.5610293364934	0.745238095238095	0.0970952380952381	0.121549741956032	0.0379048012667145
m4	84	Egg	2	2	0.1	1.62647734681278	0.294676010064528	85.349098943807	0.79	0.268119047619048	0.192702208860245	0.191362859100721
m5	84	Egg	2	2	0.1	2.0916794593131	0.342402345961929	62.7960766023672	0.612893081761006	0.119357142857143	0.148828870315266	0.0463678864826563
m6	84	Egg	2	2	0.1	1.51840120039508	0.675732334361542	76.8097252798677	0.808333333333333	0.372452380952381	0.237746077556362	0.288025385279168
m7	84	Egg	2	2	0.1	1.4409729639608	0.483477412815195	57.6381700740619	0.806159420289855	0.408690476190476	0.219099470774951	0.326666929298323
m1	85	Egg	2	2	1e-04	0.327933934370557	0.140418577942021	65.6723218851412	0.965740740740741	0.535880952380952	0.240946433726299	0.455429828390336
m2	85	Egg	2	2	1e-04	0.369334691990034	0.183804385245225	80.1448636334881	0.966666666666667	0.541119047619048	0.24066574306593	0.460277351059001
m3	85	Egg	2	2	0.1	1.65286027125026	0.218979046219135	54.5610335741553	0.696527777777778	0.13652380952381	0.149943765847288	0.0449860911088127
m4	85	Egg	2	2	1e-04	0.339492272697939	0.163945021685497	65.7503155585901	0.973703703703704	0.544190476190476	0.255789671651524	0.465439951352995
m5	85	Egg	2	2	0	0.631588800880548	0.197953202452017	66.3461532469767	0.938636363636364	0.407952380952381	0.205823567387003	0.31306318418608
m6	85	Egg	2	2	0	0.33214852934967	0.179329067132513	69.3533473476495	0.963265306122449	0.583833333333333	0.24295292205375	0.503456979614588
m7	85	Egg	2	2	0	0.271011656699035	0.160856374837306	72.5643862644932	0.973643410852713	0.570333333333333	0.238694392833705	0.490507803790412
m1	86	Egg	2	2	0.1	1.24354405998841	0.377355279840234	89.0754002665691	0.86025641025641	0.368809523809524	0.234686640025355	0.282572466250749
m2	86	Egg	2	2	0.1	1.23182062852075	0.371978897472625	66.5916737735889	0.855797101449275	0.392857142857143	0.245860155217161	0.30063784470166
m3	86	Egg	2	2	0.1	1.69165771174199	0.241078245563269	54.5610293364934	0.77	0.132595238095238	0.144163775570584	0.0637732888004112
m4	86	Egg	2	2	0.1	1.30523887102118	0.340913932313907	82.7364998954121	0.869907407407407	0.339619047619048	0.212227440491632	0.247931453841651
m5	86	Egg	2	2	0.1	1.63488042359123	0.419348169070695	58.1873717987572	0.745934959349594	0.240238095238095	0.21100082288807	0.147219236540207
m6	86	Egg	2	2	0.1	1.2611361824698	0.398533503057025	67.6381700731842	0.854700854700855	0.386047619047619	0.233728111815074	0.29267735027016
m7	86	Egg	2	2	0.1	1.30139645407598	0.325375078282535	57.6381700744218	0.833088235294118	0.371190476190476	0.204043197667991	0.286728607681953
m1	87	Egg	2	2	0	0.301569161093337	0.144329298433708	78.1771083567423	0.979292929292929	0.483928571428571	0.263582751609632	0.407087282070019
m2	87	Egg	2	2	0	0.322610750648735	0.15488094710827	55.7438338890235	0.972868217054264	0.559666666666667	0.247310788811621	0.476990019825347
m3	87	Egg	2	2	0	1.49972618486276	0.246660820289909	47.833318375757	0.766666666666667	0.116107142857143	0.134057532908292	0.0558506981960817
m4	87	Egg	2	2	1e-04	0.478228219137527	0.228019022359951	55.8063629178743	0.987837837837838	0.449190476190476	0.228103532441245	0.367388284946314
m5	87	Egg	2	2	0.1	1.42319250410183	0.274533143610522	57.0024325580026	0.781589147286822	0.2655	0.224023695536022	0.185949069280416
m6	87	Egg	2	2	0	0.379260442808408	0.412494011499491	65.7345478245691	0.966666666666667	0.604071428571429	0.259605389166411	0.526787236839832
m7	87	Egg	2	2	0	0.296375271368876	0.132883021044296	72.5643862644932	0.971111111111111	0.553452380952381	0.262268621051778	0.463496446781673
m1	88	Egg	2	2	0.1	1.3347426890342	0.477562634939289	97.9382653317693	0.881292517006803	0.419952380952381	0.215710293267166	0.325322081913906
m2	88	Egg	2	2	0.1	0.966206721362029	0.416652190488985	80.0604378267328	0.921317829457364	0.463214285714286	0.264620009445146	0.378062864584562
m3	88	Egg	2	2	0	1.02248059194626	0.184697263327246	48.8550485526746	0.867441860465116	0.262380952380952	0.184119831179169	0.17027820734459
m4	88	Egg	2	2	0.1	1.39993424041586	0.333266137809861	83.4670008187655	0.85962962962963	0.394595238095238	0.20379759256927	0.303381288502906
m5	88	Egg	2	2	0.1	2.05002971205556	0.317691734711424	62.5476101380543	0.606289308176101	0.149595238095238	0.145606482472974	0.0550894623142169
m6	88	Egg	2	2	0.1	1.4443802392742	0.486077336364536	76.8097252798677	0.838034188034188	0.35002380952381	0.216968270014505	0.254194598456105
m7	88	Egg	2	2	0.1	1.23893764721731	0.357537053773622	57.6381700744218	0.849342105263158	0.435119047619048	0.216231975715303	0.353566235590213
m1	89	Egg	2	2	0.1	1.38192671471728	0.464112371878411	81.2649970562838	0.820416666666667	0.408166666666667	0.226950888846844	0.318324983056709
m2	89	Egg	2	2	0.1	1.30118070442972	0.387234899117393	57.6381700678351	0.814141414141414	0.392833333333333	0.200731756169532	0.297124661687074
m3	89	Egg	2	2	0	1.47766290407364	0.25769695453655	47.833318375757	0.770921985815603	0.149690476190476	0.167282807719555	0.0663841534500205
m4	89	Egg	2	2	0.1	1.84070997210433	0.406483791528219	51.0903549787811	0.739015151515152	0.304119047619048	0.224048068866958	0.223665998749758
m5	89	Egg	2	2	0.1	2.19337266124312	0.297269007774882	54.5225021046362	0.617021276595745	0.137761904761905	0.147816753826139	0.0647157331022524
m6	89	Egg	2	2	0.1	1.3956224636462	0.47749724463989	66.5916737778947	0.834108527131783	0.403166666666667	0.247191803826073	0.317107191838082
m7	89	Egg	2	2	0.1	1.33172756785647	0.334689058701522	57.6381700740619	0.825320512820513	0.429333333333333	0.224022004691188	0.339545993256805
m1	90	Egg	2	2	0.1	0.939386536235187	0.214108677729514	96.7995801659606	0.908333333333333	0.463833333333333	0.212898533658922	0.365116634854824
m2	90	Egg	2	2	1e-04	0.343625208856103	0.170783533980156	65.7306595107534	0.973856209150327	0.579333333333333	0.246617066630253	0.494086998184695
m3	90	Egg	2	2	0.1	1.68915207154163	0.237383196989161	54.5610335741553	0.711788617886179	0.122857142857143	0.148487337606416	0.0530141194984649
m4	90	Egg	2	2	0.1	1.25126143877989	0.256152642568025	82.7364998954121	0.915094339622642	0.3725	0.230531214487267	0.281779937024585
m5	90	Egg	2	2	0.1	1.5935892555496	0.299032420429189	58.1873718541876	0.750740740740741	0.229071428571429	0.177864818094123	0.140337686406307
m6	90	Egg	2	2	1e-04	0.983392825490064	1.05175443845679	73.8190850354456	0.943840579710145	0.493285714285714	0.251416514242945	0.412120980468807
m7	90	Egg	2	2	0	0.299209663955902	0.129952987850864	72.5643862644932	0.962962962962963	0.576833333333333	0.258816426760248	0.4948035011428
m1	91	Egg	2	2	1e-04	0.563881472034673	0.785549001934219	87.0328727671148	0.956122448979592	0.579214285714286	0.256943889807577	0.508714873093192
m2	91	Egg	2	2	1e-04	0.310058730280899	0.138969518992018	65.7111002260802	0.96078431372549	0.5255	0.229617539325464	0.443116722825616
m3	91	Egg	2	2	1e-04	1.18379793510512	0.262648679782625	58.8497795735972	0.852127659574468	0.221952380952381	0.177198531957494	0.131624943896683
m4	91	Egg	2	2	0.1	1.29744473131753	0.266275771552258	82.4951042837991	0.890625	0.398297619047619	0.210246677013061	0.302350501083713
m5	91	Egg	2	2	0.1	1.75544705334193	0.363782568335899	62.4509799104219	0.746527777777778	0.219	0.177635991439082	0.131424476439327
m6	91	Egg	2	2	0.1	1.00209866768527	0.267511323270176	63.8190850342605	0.915151515151515	0.4885	0.260009332431129	0.40897973645743
m7	91	Egg	2	2	0	0.303573330695021	0.169748292969574	72.5643862644932	0.967666666666667	0.576	0.257091563123734	0.4925113620601
m1	92	Egg	2	2	1e-04	0.344231170528634	0.158030194304222	78.1966641664321	0.975213675213675	0.532619047619048	0.255167285914202	0.45584549302415
m2	92	Egg	2	2	1e-04	0.553020999010778	0.264178663519384	65.7209048908914	0.959090909090909	0.4405	0.233557159925613	0.342225692679017
m3	92	Egg	2	2	0	0.97108659915548	0.244913043720596	48.8550485526746	0.862962962962963	0.260809523809524	0.203789321911934	0.167779558625106
m4	92	Egg	2	2	0	0.333664556470098	0.189964786212419	55.7572487463389	0.972619047619048	0.562952380952381	0.253614092886386	0.477478265375139
m5	92	Egg	2	2	0	0.938928632399954	0.189789607062319	59.7676282824273	0.907894736842105	0.246357142857143	0.206745222998919	0.154852372982908
m6	92	Egg	2	2	1e-04	0.533551547649489	0.220527773318945	80.6959241999074	0.97037037037037	0.460380952380952	0.233312109448894	0.37399497819852
m7	92	Egg	2	2	0.1	1.13181813067678	0.227443911398682	83.5467503824238	0.916666666666667	0.395619047619048	0.253206315555611	0.309035358750646
m1	93	Egg	2	2	0	0.301414573762628	0.190074279987217	78.1771083567423	0.975555555555556	0.531880952380952	0.293042522578885	0.449668629593403
m2	93	Egg	2	2	0	0.293919047066124	0.17101766273902	55.7438338890235	0.980851063829787	0.564166666666667	0.269506917676792	0.480458892625401
m3	93	Egg	2	2	0	1.47708579098541	0.219037776628348	47.833318375757	0.776666666666667	0.149190476190476	0.144309682945918	0.0666172868705147
m4	93	Egg	2	2	1e-04	0.477506695874275	0.27469885406092	55.8063629178743	0.961764705882353	0.42997619047619	0.239607055715073	0.337042103097673
m5	93	Egg	2	2	0.1	1.37840573468777	0.26251290545679	57.0024325580026	0.80875	0.264880952380952	0.18840941455287	0.179245442653763
m6	93	Egg	2	2	0	0.301300909393477	0.162744831817222	65.7345478245691	0.973643410852713	0.5535	0.260682673939718	0.472044679092324
m7	93	Egg	2	2	0	0.249526991722208	0.203510786618298	72.5643862644932	0.971904761904762	0.555166666666667	0.272773738855272	0.472696602776629
m1	94	Egg	2	2	0.1	0.831317500959764	0.334411299950856	73.8190850302095	0.943617021276596	0.481047619047619	0.270775676116984	0.403708527203484
m2	94	Egg	2	2	0	0.301802229967779	0.137920183407561	55.7438493058777	0.978819444444444	0.574309523809524	0.251916608195245	0.490756876596989
m3	94	Egg	2	2	0	1.52035142008563	0.205449736213009	47.833318375757	0.80719696969697	0.12702380952381	0.148480154974853	0.0574443973228527
m4	94	Egg	2	2	0.1	1.3127514052556	0.335969032125045	57.6381700872802	0.840522875816993	0.388904761904762	0.225030752661945	0.304173191712333
m5	94	Egg	2	2	0.1	1.57674993756174	0.331416685306319	58.1873718459868	0.726190476190476	0.245095238095238	0.205832914996024	0.149576157940899
m6	94	Egg	2	2	0.1	0.976336201145641	0.331190804500453	73.8190850354456	0.894444444444444	0.46075	0.236803098828321	0.370858059643588
m7	94	Egg	2	2	0	0.321870629449795	0.150558313452703	72.5643862644932	0.980681818181818	0.550666666666667	0.243419799221835	0.473489790140696
m1	95	Egg	2	2	1e-04	0.805756816929708	0.931365422138532	87.419781625705	0.939492753623188	0.57452380952381	0.241603897430061	0.499749343322747
m2	95	Egg	2	2	1e-04	0.349855822403147	0.188268702741769	65.7307163540175	0.973958333333333	0.576547619047619	0.240999215723686	0.485991655231367
m3	95	Egg	2	2	0.1	1.62636994015586	0.226133837832338	54.5610293364934	0.750416666666667	0.13002380952381	0.138693903534602	0.0498073268815376
m4	95	Egg	2	2	0.1	1.26582395123963	0.281996576519763	74.2955572808305	0.896341463414634	0.3845	0.216598733198845	0.294660186773049
m5	95	Egg	2	2	0.1	1.73488469862005	0.343733692597283	62.4509799104219	0.752991452991453	0.20902380952381	0.176765858134768	0.107398731646468
m6	95	Egg	2	2	0.1	0.927327716196501	0.231238267851718	63.8190850342605	0.925520833333333	0.472380952380952	0.24431674294069	0.403273431581069
m7	95	Egg	2	2	0	0.294110402585688	0.175429830281351	72.5643862644932	0.972962962962963	0.606	0.223826532158984	0.521996492639948
m1	96	Egg	2	2	0.1	1.24070217802609	0.401215409450034	79.7356572655074	0.854861111111111	0.463095238095238	0.252467494940915	0.380763244060755
m2	96	Egg	2	2	0.1	1.1654073770507	0.373805163745951	81.539330677249	0.903703703703704	0.434333333333333	0.248653162179226	0.344674929324999
m3	96	Egg	2	2	0.1	1.67322992960349	0.251153072795151	62.7434142295122	0.770740740740741	0.125833333333333	0.138055580960508	0.0545847753022491
m4	96	Egg	2	2	0.1	1.33659853887066	0.296084805908903	74.2955572808305	0.870512820512821	0.385333333333333	0.209089014956212	0.290400680705823
m5	96	Egg	2	2	0.1	1.83059736240285	0.372438073566897	50.1421207841043	0.740350877192982	0.172666666666667	0.153312105103505	0.0889350652544387
m6	96	Egg	2	2	0.1	1.02679044872911	0.417455245385242	57.6381700837453	0.913157894736842	0.4325	0.261217203892522	0.347596470141302
m7	96	Egg	2	2	0.1	1.24396999921916	0.441759297232648	57.6381700740619	0.846296296296296	0.401	0.26262858132906	0.320649016341691
m1	97	Egg	2	2	0.1	1.42795685234253	0.538583032902757	79.827177576611	0.824652777777778	0.388833333333333	0.245498816517179	0.295571177897034
m2	97	Egg	2	2	0.1	1.4279604091122	0.417076339224172	82.0110145208044	0.826126126126126	0.340666666666667	0.191270194535428	0.256340164012623
m3	97	Egg	2	2	0.1	1.63148991851404	0.256616921601094	54.5610335741553	0.750347222222222	0.13427380952381	0.150387858246193	0.0527370194672088
m4	97	Egg	2	2	0.1	1.37389759573841	0.377408628987744	74.2955572808305	0.855151515151515	0.4195	0.238930639997296	0.327136725710008
m5	97	Egg	2	2	0.1	1.73430633849406	0.280178334358015	62.4509799104219	0.787916666666667	0.214261904761905	0.150881532453362	0.119406479098274
m6	97	Egg	2	2	0.1	1.56382025657922	0.455395635788413	66.5916737781471	0.79047619047619	0.362190476190476	0.205168751377581	0.275248068839591
m7	97	Egg	2	2	0.1	1.52597855288044	0.417194776745523	66.5916737745779	0.772108843537415	0.358166666666667	0.218369313610736	0.275965987904101
m1	98	Egg	2	2	1e-04	0.685992837252756	0.834432558002429	87.419781625705	0.960810810810811	0.526452380952381	0.260220852581924	0.439502830522875
m2	98	Egg	2	2	1e-04	0.349885330936341	0.179592891024165	65.7307163540175	0.967045454545455	0.5305	0.255589095295787	0.452183075981989
m3	98	Egg	2	2	0.1	1.70864952317901	0.253990313174256	54.5610293364934	0.749242424242424	0.152	0.1583848046765	0.063077982295322
m4	98	Egg	2	2	0.1	1.34412615878979	0.279046066616129	74.2955572808305	0.884469696969697	0.38797619047619	0.204953481249203	0.29886123357319
m5	98	Egg	2	2	0.1	1.72573577116955	0.385593004417018	62.4509799104219	0.779513888888889	0.187690476190476	0.170007758818798	0.0974122065954836
m6	98	Egg	2	2	1e-04	0.877954062071446	1.03407855752866	63.8190850342605	0.923148148148148	0.505380952380952	0.267018514016272	0.416373057479777
m7	98	Egg	2	2	0	0.271604513390446	0.141354819707118	72.5643862644932	0.981196581196581	0.542833333333333	0.253075970192971	0.465204366673944
m1	99	Egg	2	2	0.1	0.885234055904584	0.293960130130575	78.2317015139743	0.920652173913043	0.555380952380952	0.256445936208495	0.48465418985811
m2	99	Egg	2	2	0	0.319509339421485	0.162798815460589	55.7438493058777	0.97962962962963	0.560738095238095	0.215723490093895	0.47694666261742
m3	99	Egg	2	2	0	1.4545842716752	0.246679350822901	47.833318375757	0.773939393939394	0.147166666666667	0.165925202544719	0.0639712116115878
m4	99	Egg	2	2	0.1	1.3221755693283	0.346360381162554	47.6381700808848	0.853061224489796	0.428595238095238	0.269519478572579	0.345127281214006
m5	99	Egg	2	2	0.1	1.77907260981278	0.375695789842212	62.4509799104219	0.772222222222222	0.22947619047619	0.191820287744182	0.140705948551444
m6	99	Egg	2	2	1e-04	0.769941657870402	0.916404374451093	63.8190850342605	0.944308943089431	0.549869047619048	0.260935495742196	0.473862200090585
m7	99	Egg	2	2	0	0.326704864192179	0.160823681901482	72.5643862644932	0.947435897435897	0.52797619047619	0.224439151760942	0.43011273487808
m1	100	Egg	2	2	0.1	0.766776342240936	0.232065895961606	63.9654361485647	0.963953488372093	0.5545	0.228315727736052	0.470235196138597
m2	100	Egg	2	2	0.1	0.841190132004504	0.217973558051695	79.4243041159123	0.950387596899225	0.488738095238095	0.238672665613534	0.408217614120747
m3	100	Egg	2	2	0.1	1.72799002992793	0.257980191318062	54.5610293364934	0.711904761904762	0.134880952380952	0.1412160731538	0.067793401078887
m4	100	Egg	2	2	1e-04	0.958547389097796	1.01699751851786	53.8190850443673	0.94047619047619	0.582285714285714	0.218329731045379	0.492598732469576
m5	100	Egg	2	2	0	1.06226152436928	0.198809381578064	48.9319398362541	0.855833333333333	0.2555	0.174159114910467	0.164192168338907
m6	100	Egg	2	2	0	0.296181695410572	0.138758769424061	70.4038974432629	0.974031007751938	0.551547619047619	0.228943744139721	0.461068984545142
m7	100	Egg	2	2	0	0.291657315421337	0.190572974891109	72.5643862644932	0.965447154471545	0.565785714285714	0.239506795798665	0.480768572007702
