Model	Iteration	Variable	Subsampled	MinObs	decay	logLoss	logLossSD	AIC	AUC	Accuracy	AccuracySD	Kappa
m1	1	Egg	2	2	0.1	1.06117157739378	0.301923382494071	164.070651829004	0.966614906832298	0.479003968253968	0.19410610077063	0.422719179873103
m2	1	Egg	2	2	1e-04	0.816965944952034	0.690926704269404	181.380072738427	0.97312925170068	0.53568253968254	0.222437284844947	0.482971124043039
m3	1	Egg	2	2	0.1	1.83674358142769	0.20266987151972	135.15146021015	0.844238095238095	0.152757936507937	0.130395548907129	0.0975220983137178
m4	1	Egg	2	2	0.1	1.52894626742485	0.298469656373023	137.68192728113	0.914596273291925	0.363972222222222	0.169780452990222	0.307660300426335
m5	1	Egg	2	2	0.1	2.13610676204187	0.368012989804962	135.358976705054	0.753364389233954	0.148642857142857	0.122864460962075	0.106141449585158
m6	1	Egg	2	2	1e-04	1.19606622513298	0.445769805456547	143.131290388488	0.944786535303777	0.337099206349206	0.166053048776907	0.263369462789123
m7	1	Egg	2	2	1e-04	1.16792868014898	0.635249659451682	117.639556784633	0.91733630952381	0.307234126984127	0.149134510769012	0.24108505233925
m1	2	Egg	2	2	1e-04	0.716243493209106	0.451081085105146	165.746216007995	0.981349206349206	0.477507936507936	0.216163269581067	0.416838600827416
m2	2	Egg	2	2	1e-04	0.436220944139272	0.21127828373644	177.879102015059	0.988539682539682	0.498015873015873	0.201638417188685	0.440325600587681
m3	2	Egg	2	2	0.1	1.56776395657665	0.175937607442524	145.406347079053	0.918857142857143	0.193424603174603	0.140327319109347	0.138153770798578
m4	2	Egg	2	2	0.1	1.21536858015698	0.257256876318539	165.844737124433	0.963238095238095	0.42209126984127	0.180708376400718	0.361604153022433
m5	2	Egg	2	2	0.1	1.88071248294877	0.331148781792284	133.042824187727	0.839285714285714	0.195670634920635	0.128369245626348	0.13845732721593
m6	2	Egg	2	2	0.1	1.54387387366503	0.283349240817329	151.689203037416	0.860651629072682	0.289900793650794	0.137913918886852	0.230259209586922
m7	2	Egg	2	2	1e-04	1.11812246105167	0.616175273488232	117.639556737342	0.921018062397373	0.331865079365079	0.145444175798542	0.266332029653347
m1	3	Egg	2	2	1e-04	0.875236684776066	0.581630349850792	180.029472485602	0.970859213250518	0.499980158730159	0.191914383455219	0.437773918161245
m2	3	Egg	2	2	1e-04	0.466234497010153	0.314389136951135	177.879102015059	0.981018518518519	0.490115079365079	0.191529600528641	0.429318711054275
m3	3	Egg	2	2	1e-04	1.51719131337385	0.707679591225443	145.406347079053	0.928282828282828	0.222373015873016	0.144755392166006	0.161441502902888
m4	3	Egg	2	2	0.1	1.33155315567607	0.19856350213051	163.819085034456	0.925044091710758	0.37093253968254	0.178483797062849	0.313110953336461
m5	3	Egg	2	2	0.1	2.06070437653126	0.240935862769021	113.343526071823	0.734567901234568	0.160297619047619	0.149078319312349	0.107565881404753
m6	3	Egg	2	2	0.1	1.6377462089402	0.352534106780081	143.955936284947	0.855634920634921	0.319428571428571	0.156944956710134	0.257497775070496
m7	3	Egg	2	2	1e-04	1.2244322883223	0.632527779636938	117.639556737342	0.917976190476191	0.282019841269841	0.162340648650672	0.222808279030301
m1	4	Egg	2	2	0.1	1.29763828070611	0.305681714122802	167.913985215986	0.896913580246914	0.399757936507937	0.194221378456534	0.342977483620109
m2	4	Egg	2	2	0.1	1.40261167322801	0.308915443444532	184.299136631366	0.878035714285714	0.382126984126984	0.184508477384405	0.325372380335264
m3	4	Egg	2	2	0.1	1.93971796600105	0.228190400265034	101.653501155495	0.804320987654321	0.14906746031746	0.137965232766192	0.0917128170257717
m4	4	Egg	2	2	0.1	1.54447339929169	0.30013288955049	126.56609955801	0.836309523809524	0.397952380952381	0.19991929779593	0.339603069515079
m5	4	Egg	2	2	0.1	2.06067765627659	0.206228999135081	135.533724668173	0.749952380952381	0.148698412698413	0.123852799609042	0.101377193719913
m6	4	Egg	2	2	0.1	1.51272007857844	0.293663468831032	168.193721121094	0.848724489795918	0.325615079365079	0.178807927539429	0.267038586664434
m7	4	Egg	2	2	0.1	1.62004457409148	0.174642527615379	146.248184817761	0.849267399267399	0.299928571428571	0.151182436998451	0.240956146868761
m1	5	Egg	2	2	0.1	1.07872975940063	0.348779158405807	180.059104137759	0.911123511904762	0.498511904761905	0.201338547357739	0.442901103042134
m2	5	Egg	2	2	0.1	1.40851527758565	0.39079278777735	183.939649871921	0.862830687830688	0.404630952380952	0.223375007998534	0.346239118056528
m3	5	Egg	2	2	0.1	1.89756187171847	0.239104422143262	122.411750074447	0.823118279569892	0.15193253968254	0.139625644493344	0.0952465374081513
m4	5	Egg	2	2	0.1	1.42148039510478	0.295746663497651	167.233331975623	0.886706349206349	0.435083333333333	0.189794564745666	0.377721139538226
m5	5	Egg	2	2	0.1	2.03156044622926	0.273477619184623	134.279183957426	0.727950310559006	0.218468253968254	0.134726048034391	0.154646955478164
m6	5	Egg	2	2	0.1	1.28827481819006	0.266555185762536	154.410758803202	0.880114638447972	0.408293650793651	0.188323460706919	0.35006641003723
m7	5	Egg	2	2	0.1	1.57811100086606	0.23408400150039	131.913464297169	0.854650297619048	0.292404761904762	0.147423662937541	0.232248234630741
m1	6	Egg	2	2	0.1	1.17617266173888	0.204646762861909	167.638170066823	0.898397435897436	0.426210317460317	0.196694487339965	0.36855918385107
m2	6	Egg	2	2	0.1	1.28321020501308	0.225468524916346	153.67553396372	0.875661375661376	0.401599206349206	0.179603491966501	0.344502334220926
m3	6	Egg	2	2	0.1	1.86274756033757	0.267615741103412	115.019359917907	0.803361344537815	0.164706349206349	0.129442638591088	0.109467680184043
m4	6	Egg	2	2	0.1	1.43176124288973	0.395494737817288	181.241055094071	0.861544011544012	0.448980158730159	0.195165860557409	0.387805757773007
m5	6	Egg	2	2	0.1	1.89879260751086	0.251483007361591	110.3242231225	0.769664902998236	0.222766955266955	0.164255028803474	0.167599260929086
m6	6	Egg	2	2	0.1	1.48079457725673	0.340832241570903	143.276340127126	0.850453514739229	0.362238095238095	0.17615061147407	0.303981492038073
m7	6	Egg	2	2	0.1	1.56339415409493	0.216146304342426	119.732549286231	0.819786535303777	0.330789682539683	0.161620353356628	0.266663132840954
m1	7	Egg	2	2	0.1	1.34227724046644	0.33338443371693	182.876143237649	0.870220057720058	0.405535714285714	0.189223182927896	0.342956469063709
m2	7	Egg	2	2	0.1	1.31448487500638	0.282170331136748	151.989611661157	0.864980158730159	0.449797619047619	0.207970128551981	0.390060841610802
m3	7	Egg	2	2	1e-04	1.791057558441	0.555014797283667	102.275089419638	0.830459770114943	0.183253968253968	0.132973337660109	0.128177202050852
m4	7	Egg	2	2	0.1	1.6038429030722	0.214202536810206	143.283898114193	0.836591478696742	0.319333333333333	0.145378681287153	0.257867895044497
m5	7	Egg	2	2	0.1	2.40870896595313	0.249524272796562	120.4260897571	0.608470695970696	0.144718253968254	0.113579620227914	0.0873963641976097
m6	7	Egg	2	2	0.1	1.74903591777024	0.393029099554133	169.403943310497	0.780282738095238	0.333547619047619	0.181774669147684	0.269396043076087
m7	7	Egg	2	2	0.1	1.78352674994298	0.274565740394072	116.821517621152	0.752246543778802	0.355349206349206	0.163606372833885	0.285473973943037
m1	8	Egg	2	2	0.1	1.37163186912331	0.374858116082747	165.545177496631	0.86957671957672	0.415539682539683	0.190182208599241	0.356782544368047
m2	8	Egg	2	2	0.1	1.37609199017537	0.364253728279624	150.895431054777	0.863571428571429	0.469561327561328	0.196463270789033	0.410736239975952
m3	8	Egg	2	2	0.1	1.80082010596205	0.217022263042918	110.015332064976	0.824275362318841	0.172579365079365	0.142138695662368	0.122321493507418
m4	8	Egg	2	2	0.1	1.53242306259016	0.437182635383254	181.858618494361	0.84797619047619	0.39397619047619	0.192369665372238	0.336379398703867
m5	8	Egg	2	2	0.1	2.11436422381597	0.320086280854361	114.060632621496	0.752035330261137	0.191174603174603	0.129724655219709	0.128818321997701
m6	8	Egg	2	2	0.1	1.63076096338178	0.35138226933042	142.909440020705	0.800757575757576	0.344563492063492	0.15836666231495	0.281328434879692
m7	8	Egg	2	2	0.1	1.79257868342668	0.223248201375245	118.686052972705	0.817261904761905	0.28575	0.167398310632014	0.231965367861894
m1	9	Egg	2	2	0.1	1.08688960419597	0.272329278493183	195.819085036144	0.906481481481481	0.41690873015873	0.189708037828533	0.3606312750833
m2	9	Egg	2	2	0.1	1.05655835989344	0.268022088876322	165.88834420684	0.934203296703297	0.478928571428571	0.209563999120209	0.420352330997671
m3	9	Egg	2	2	0.1	1.81464180543781	0.303601826846148	115.36050039394	0.818959435626102	0.132440476190476	0.120516212476825	0.0814127935135828
m4	9	Egg	2	2	0.1	1.52461133757136	0.404451271232204	154.410758824364	0.854506802721088	0.32865873015873	0.1985005784219	0.272171119852924
m5	9	Egg	2	2	0.1	1.99715503937634	0.336211693864542	115.730960326284	0.736190476190476	0.195393939393939	0.151981641452139	0.146514052237056
m6	9	Egg	2	2	0.1	1.46767342064181	0.262982381472818	143.276340155364	0.833597883597884	0.363404761904762	0.180855711832132	0.30100801732861
m7	9	Egg	2	2	0.1	1.39908151167285	0.233180271360861	142.623249527287	0.860793650793651	0.438777777777778	0.146287207453343	0.374622743341081
m1	10	Egg	2	2	0.1	1.1661725503584	0.389456243713792	190.856975722977	0.93447619047619	0.471384920634921	0.183569117437603	0.413633083254426
m2	10	Egg	2	2	0.1	1.27282831025075	0.314439930984433	151.97861328989	0.90281746031746	0.469452380952381	0.198309448684666	0.413994633977484
m3	10	Egg	2	2	0	1.11226423429037	0.189972389782203	117.730310478617	0.902120535714286	0.233170634920635	0.148244360968738	0.178678279216781
m4	10	Egg	2	2	0.1	1.27129814027928	0.290163769349771	150.686240406819	0.92281746031746	0.481428571428571	0.210667739323035	0.424868845637681
m5	10	Egg	2	2	0.1	1.96246538462299	0.312180407805135	113.422664992316	0.764102564102564	0.212174603174603	0.128234904911171	0.152022134288629
m6	10	Egg	2	2	0.1	1.37548615378816	0.283165289621505	156.397055183372	0.892904761904762	0.40040873015873	0.168940945316314	0.340194577367365
m7	10	Egg	2	2	0.1	1.63097316195926	0.275868174898438	163.072624288418	0.818871252204586	0.309686507936508	0.162381358062975	0.25815835791866
m1	11	Egg	2	2	0	0.315951444429255	0.473158668285157	149.749153992946	0.988721804511278	0.56825	0.196162926463227	0.512711138920494
m2	11	Egg	2	2	0.1	0.953977683444521	0.190204413291174	149.545177484467	0.93952380952381	0.530313492063492	0.204021882955636	0.47675927675224
m3	11	Egg	2	2	0.1	1.7748421032889	0.226592440020988	102.275089419638	0.820238095238095	0.160734126984127	0.137304476228202	0.110480197008155
m4	11	Egg	2	2	0	0.191003493318026	0.122587651138156	117.869310847755	0.988151927437642	0.587138888888889	0.22795723796245	0.537985417946606
m5	11	Egg	2	2	0	1.18398369457752	0.213165016801927	96.133472487441	0.896697388632873	0.22415873015873	0.139737521427957	0.167014563486011
m6	11	Egg	2	2	1e-04	0.874460741804013	0.503677745788227	127.104136351317	0.960515873015873	0.420444444444444	0.166718323075876	0.35559171203949
m7	11	Egg	2	2	0.1	1.34501273737841	0.211132607665732	126.909439987547	0.893518518518518	0.402230158730159	0.163978341436279	0.337105338887535
m1	12	Egg	2	2	1e-04	0.712881570929416	0.652178162032271	160.220418394737	0.993478260869565	0.575496031746032	0.210923972738506	0.520938751570071
m2	12	Egg	2	2	0.1	1.07684072189305	0.307739606674309	149.840846169706	0.946043417366947	0.500698412698413	0.214748245762518	0.44387949076039
m3	12	Egg	2	2	0.1	1.73288555583184	0.263254778202749	110.436958048481	0.845887445887446	0.192031746031746	0.124973480826555	0.13816805217771
m4	12	Egg	2	2	0.1	1.00737030127143	0.207206279048684	161.855124386659	0.951655719759168	0.547691919191919	0.208012420347715	0.501442533309782
m5	12	Egg	2	2	0.1	1.74480145636327	0.316367339303596	112.108324014145	0.818716931216931	0.235075396825397	0.156316758797833	0.180985346851097
m6	12	Egg	2	2	1e-04	0.914852940377274	0.353119274595354	139.295717406328	0.986231884057971	0.398305555555556	0.162879614317726	0.334756723460254
m7	12	Egg	2	2	1e-04	1.08484541541049	0.547708762534659	117.639556737342	0.924319727891156	0.292130952380952	0.164313848226439	0.231957799013808
m1	13	Egg	2	2	0.1	1.3031580889398	0.363369098365363	140.136851287485	0.889514652014652	0.424456349206349	0.181054342040668	0.363919327226502
m2	13	Egg	2	2	0.1	1.27281068192916	0.25616324198032	125.183347523984	0.892761904761905	0.438452380952381	0.182969328145262	0.379813471851682
m3	13	Egg	2	2	0	1.39105330924628	0.148441011037982	107.608099114193	0.859646962233169	0.138234126984127	0.116489761799442	0.0825698222121376
m4	13	Egg	2	2	0.1	1.47464890170803	0.294355998533546	112.635532489509	0.875595238095238	0.413154761904762	0.193111367602029	0.358962481490055
m5	13	Egg	2	2	0.1	2.29047377291146	0.304259579003865	101.853905634273	0.763775510204082	0.124130952380952	0.116197192357109	0.0721433690029516
m6	13	Egg	2	2	0.1	1.51765075859038	0.413623833284183	129.682028773131	0.868840579710145	0.352488095238095	0.156468554872822	0.289605350476339
m7	13	Egg	2	2	0.1	1.55774247998965	0.314632751340719	114.728525073296	0.857411674347158	0.347698412698413	0.190612525362837	0.286428373606694
m1	14	Egg	2	2	0	3.5513195285467e-06	3.47007130293269e-06	167.933436720733	1	0.679306637806638	0.211342578018245	0.637811698753595
m2	14	Egg	2	2	0	0.213443918862952	0.0993043955774828	161.363951692102	0.980059523809524	0.592190476190476	0.235850346907731	0.542769819757618
m3	14	Egg	2	2	0	0.806934713364218	0.169290243603931	128.255172090288	0.926658163265306	0.308190476190476	0.174937382567277	0.244665030615826
m4	14	Egg	2	2	0	4.94906948070402e-06	4.80457291907043e-06	157.426721923544	1	0.689849206349206	0.224507401520091	0.649563974165913
m5	14	Egg	2	2	0	0.936170254747083	0.162221762338145	106.601417516826	0.919940476190476	0.331325396825397	0.151847712384062	0.273173447671593
m6	14	Egg	2	2	0	0.423899608761131	0.185480887442819	146.521083163788	0.968178382464097	0.483268037518037	0.194248979721967	0.423475440942067
m7	14	Egg	2	2	0	0.890252970357966	0.193331848796001	104.603909437652	0.923498964803313	0.323869047619048	0.161186653274813	0.25958859563435
m1	15	Egg	2	2	0.1	1.50666978582325	0.337717693379172	195.819085035934	0.864285714285714	0.366464285714286	0.178389584562414	0.308640248443985
m2	15	Egg	2	2	0.1	1.30981347264482	0.356412104345616	165.952160845989	0.902197802197802	0.417884920634921	0.205816483253354	0.356554832731442
m3	15	Egg	2	2	0.1	1.92213420132832	0.21312757476522	122.411750074447	0.798941798941799	0.110345238095238	0.104809162952308	0.0612737003651925
m4	15	Egg	2	2	0.1	1.82452263656701	0.337764186714219	138.410758805139	0.785835058661146	0.299916666666667	0.174626870422278	0.241093123412684
m5	15	Egg	2	2	0.1	2.28158386647648	0.316485324688015	115.869400514144	0.662522045855379	0.184996031746032	0.133581162962911	0.129336183246514
m6	15	Egg	2	2	0.1	1.68873911003084	0.334799515069547	158.505982388989	0.814856150793651	0.301281746031746	0.162033202288948	0.243184688128291
m7	15	Egg	2	2	0.1	1.49597137749005	0.29571573265165	161.072848058595	0.871683673469388	0.324714285714286	0.160099781655607	0.266209145235227
m1	16	Egg	2	2	0.1	1.0034083196685	0.284665540181008	167.638170060618	0.923065476190476	0.412386724386724	0.215803289631927	0.357526185452873
m2	16	Egg	2	2	0.1	1.06725488641769	0.183087015566286	137.65071198881	0.919534632034632	0.466527777777778	0.196920873719627	0.408376865366866
m3	16	Egg	2	2	1e-04	1.3519240115725	0.511166808735809	109.277726841457	0.871309523809524	0.290853174603175	0.150636794436498	0.229305191489092
m4	16	Egg	2	2	0.1	1.09609421053054	0.20930831386509	151.953265424377	0.926708074534161	0.401027777777778	0.203768277895192	0.348410944672197
m5	16	Egg	2	2	0.1	1.99663205744969	0.217680608692279	110.324223130862	0.741190476190476	0.259211038961039	0.144073812405472	0.19720468933954
m6	16	Egg	2	2	0.1	1.47283222831858	0.341131117381958	131.095425154031	0.848503401360544	0.360924603174603	0.174138677839291	0.292962699017544
m7	16	Egg	2	2	0.1	1.46788337431677	0.241443389089816	106.366695064166	0.861607142857143	0.289313492063492	0.162857595406004	0.233243998256291
m1	17	Egg	2	2	0.1	0.840836557133359	0.229468572434163	176.274936142833	0.931221198156682	0.576119047619048	0.191999276542791	0.523846763870124
m2	17	Egg	2	2	0.1	0.946471547555674	0.252920492064362	149.880669138352	0.954988662131519	0.465269841269841	0.19644228011173	0.404835862991381
m3	17	Egg	2	2	1e-04	1.3280754738785	0.398749784042293	109.277726841457	0.883560090702948	0.244119047619048	0.139535764025999	0.187092998757074
m4	17	Egg	2	2	0.1	0.967632539839176	0.24271490168897	148.153715445287	0.917904761904762	0.525242063492063	0.210370430971765	0.471987279102052
m5	17	Egg	2	2	0.1	1.75401266699703	0.265641064038219	110.324223059497	0.791666666666667	0.299896825396825	0.169247011459787	0.241407739140955
m6	17	Egg	2	2	0.1	1.27692985204674	0.348408076891576	127.276340179747	0.844176319176319	0.455706349206349	0.194608845860153	0.394056498356331
m7	17	Egg	2	2	0.1	1.54752959239368	0.251599529858605	106.366695169824	0.855406746031746	0.292	0.165266559297489	0.239124506323852
m1	18	Egg	2	2	0.1	1.37598699406821	0.286013945642343	208.595966085455	0.896666666666667	0.398194444444444	0.172315075862702	0.339023820044886
m2	18	Egg	2	2	0.1	1.37318216893488	0.26787327527941	153.72214556813	0.903154761904762	0.392027777777778	0.176339498897381	0.334405408691788
m3	18	Egg	2	2	0.1	1.8082026628148	0.193179178830617	135.15146021015	0.846003401360544	0.158130952380952	0.122909185519529	0.100114443006456
m4	18	Egg	2	2	0.1	1.6168000007055	0.326302317474975	155.795236238766	0.85656746031746	0.33984126984127	0.161092282672704	0.279909003181709
m5	18	Egg	2	2	0.1	2.26350216947932	0.434177432832644	135.996310902173	0.71136712749616	0.164972222222222	0.141693794506214	0.114276622864382
m6	18	Egg	2	2	0.1	1.68904516198061	0.340504030404798	169.021817032038	0.790934065934066	0.30940873015873	0.18279917992354	0.252443537504258
m7	18	Egg	2	2	0.1	1.59405324465381	0.274138827899728	146.248184817761	0.864244663382594	0.310420634920635	0.171063624873786	0.250189577725533
m1	19	Egg	2	2	1e-04	0.830615313143144	0.7612976591257	163.819085043209	0.982967032967033	0.537059523809524	0.200564457729288	0.47777258158905
m2	19	Egg	2	2	1e-04	0.438574490687093	0.26140938146368	177.879102015059	0.980222734254992	0.550984126984127	0.193427524416184	0.495579281385375
m3	19	Egg	2	2	1e-04	1.52131441590467	0.435169586122538	145.406347079053	0.907688492063492	0.278944444444444	0.141483571902403	0.207961442897558
m4	19	Egg	2	2	0.1	1.15749757710795	0.206589253248338	148.148613824963	0.950985221674877	0.442698412698413	0.219421317366299	0.391346980921291
m5	19	Egg	2	2	0.1	1.90783303066959	0.247160072474811	113.193448395133	0.815313852813853	0.188801587301587	0.153205354004218	0.135498393548504
m6	19	Egg	2	2	0.1	1.29382562857639	0.234440953868777	143.106604683251	0.921734693877551	0.332611111111111	0.19004725282323	0.269735535125638
m7	19	Egg	2	2	1e-04	1.35016158032994	0.685571862393739	145.063375270555	0.894356261022928	0.309428571428571	0.150074603539965	0.249558796108538
m1	20	Egg	2	2	0.1	1.04940461325211	0.26328238776475	165.739002394967	0.978659611992945	0.482075396825397	0.187225201477232	0.423462160092774
m2	20	Egg	2	2	1e-04	1.09301271823779	0.725545791339482	166.894099750644	0.953472222222222	0.409789682539683	0.169543343178694	0.346154312881425
m3	20	Egg	2	2	0.1	1.78089692175857	0.193642072443249	135.15146021015	0.851648351648352	0.134107142857143	0.112586298145052	0.0807316518058699
m4	20	Egg	2	2	0.1	1.26877389845744	0.292846501976767	149.890275642568	0.928679653679654	0.473869047619048	0.190470515045251	0.415520998170516
m5	20	Egg	2	2	0.1	1.92938474119426	0.339214356851669	109.416169839539	0.794642857142857	0.21825	0.142486129205226	0.158551791692549
m6	20	Egg	2	2	0.1	1.23741088018285	0.262283172264146	164.756606317263	0.911190476190476	0.436731240981241	0.177644276571111	0.3787237665354
m7	20	Egg	2	2	1e-04	1.11916465719276	0.599959806994609	117.639556735591	0.923193760262726	0.296928571428571	0.167145953202669	0.239838118494245
m1	21	Egg	2	2	0	0.189612364290441	0.101674675498624	155.223426540579	0.993402777777778	0.609972222222222	0.207930125517527	0.554653171745173
m2	21	Egg	2	2	0	0.219353142473874	0.106307833977027	161.363951692102	0.978320802005012	0.55381746031746	0.205600515052755	0.49577644673533
m3	21	Egg	2	2	0	0.923876635998321	0.174706709349784	128.255172090288	0.922826086956522	0.312936507936508	0.147740971404778	0.246682711812011
m4	21	Egg	2	2	0	0.20448640020947	0.0953655065227463	159.661396564821	0.984285714285714	0.601456349206349	0.204387770392703	0.547910737947201
m5	21	Egg	2	2	0	0.812916955915809	0.121411881905056	102.444406805398	0.949355158730159	0.300984126984127	0.158231243329811	0.232786391888068
m6	21	Egg	2	2	0	0.58123759167907	0.187828227257149	133.392418446852	0.958809523809524	0.401646825396825	0.190480527573077	0.338628748561697
m7	21	Egg	2	2	0	0.912717553915081	0.252902309791567	104.603909437652	0.928021978021978	0.295297619047619	0.16746052048913	0.239798778025905
m1	22	Egg	2	2	1e-04	0.193361195300484	0.118312203650261	171.885617461437	0.986210317460317	0.567412698412698	0.235484256053067	0.517469443543472
m2	22	Egg	2	2	1e-04	0.45390510492739	0.404022373088147	177.673136096083	0.985119047619048	0.55059126984127	0.197784652109656	0.496987338116138
m3	22	Egg	2	2	0.1	1.73946917639018	0.240690005623427	110.015331175065	0.861224489795918	0.172345238095238	0.148253412224867	0.122238901044262
m4	22	Egg	2	2	1e-04	0.905322973890051	0.682583165571965	162.663571742636	0.972718253968254	0.505130952380952	0.196420074824781	0.447194477100511
m5	22	Egg	2	2	0	1.11433355708112	0.205073075999248	96.133472487441	0.896993284493285	0.228404761904762	0.138396125106018	0.16590404060794
m6	22	Egg	2	2	0	0.627321588521237	0.193152586582973	133.40263766463	0.955072463768116	0.384190476190476	0.176572134288182	0.315576142401094
m7	22	Egg	2	2	0	0.630687742666418	0.152210017706003	112.955987591006	0.964714285714286	0.386980158730159	0.180952694718779	0.328498827884712
m1	23	Egg	2	2	1e-04	0.752050546886645	0.639165767615093	153.542741635624	0.969274376417234	0.487699855699856	0.188619036474708	0.431161751978196
m2	23	Egg	2	2	1e-04	0.507213101212375	0.118872388329492	139.338835206149	0.980853174603175	0.422734126984127	0.173984926307509	0.361537945906663
m3	23	Egg	2	2	0.1	1.86602165370919	0.207324263116976	135.15146021015	0.858882783882784	0.145666666666667	0.128077648879531	0.0937106755321735
m4	23	Egg	2	2	1e-04	1.04893934792456	0.541394968645322	166.379866641291	0.95632183908046	0.399194444444444	0.196974113436207	0.340135029948895
m5	23	Egg	2	2	0.1	1.83474070000268	0.201177267071999	119.157367878738	0.835813492063492	0.189496031746032	0.129215029562652	0.130908052725561
m6	23	Egg	2	2	1e-04	0.919224259493156	0.526272648666182	149.231619139435	0.946687370600414	0.359936507936508	0.165231370258626	0.295989803170927
m7	23	Egg	2	2	0	0.650966634433923	0.127893409318614	112.955987721903	0.960884353741497	0.402813492063492	0.157684769993384	0.339365459282804
m1	24	Egg	2	2	0.1	1.26286834983481	0.271080352751527	165.813428173169	0.924074074074074	0.400107142857143	0.160798056491545	0.337103496894257
m2	24	Egg	2	2	0.1	1.10169360101301	0.236645101348347	165.545177473667	0.926691729323308	0.428607142857143	0.179248357045797	0.365984616387464
m3	24	Egg	2	2	0.1	1.84171924849976	0.253045891014822	115.019359917907	0.816581632653061	0.148944444444444	0.132231934023625	0.0993791193711677
m4	24	Egg	2	2	0.1	1.20904158691188	0.346237002480898	137.364262527476	0.901380952380952	0.433654761904762	0.186804426075905	0.370253095622072
m5	24	Egg	2	2	0.1	1.7885396140658	0.244851006634293	133.696675867019	0.799624060150376	0.19115873015873	0.147743825283681	0.137655570811205
m6	24	Egg	2	2	0.1	1.46744192819047	0.260028331349241	130.728525028644	0.832261904761905	0.301484126984127	0.169828997329914	0.240830962785874
m7	24	Egg	2	2	0.1	1.5756424223694	0.217890036902204	146.248184817761	0.837267080745342	0.302297619047619	0.157131796323651	0.241838307384262
m1	25	Egg	2	2	0.1	1.41281668482081	0.404627926918149	183.872258714229	0.85952380952381	0.3605	0.175584476806421	0.297541864092173
m2	25	Egg	2	2	0.1	1.24899761813863	0.273852029844612	153.67553385496	0.8994708994709	0.40805303030303	0.175661000130418	0.350389599992458
m3	25	Egg	2	2	0.1	1.80447157930488	0.30961893751358	115.019359917907	0.805357142857143	0.148075757575758	0.12793551522944	0.0966218825430768
m4	25	Egg	2	2	0.1	1.57642461892149	0.322410330211106	182.373031810756	0.843377976190476	0.365785714285714	0.190646990821703	0.307713007835335
m5	25	Egg	2	2	0.1	2.20744325739438	0.325731772669576	135.844843132127	0.726706349206349	0.184666666666667	0.138545643334458	0.128235911838558
m6	25	Egg	2	2	0.1	1.63066648936042	0.374429178862772	168.859193926036	0.818333333333333	0.294488095238095	0.179065151244885	0.23662436928251
m7	25	Egg	2	2	0.1	1.53879281552851	0.207589428367027	146.248184817761	0.863988095238095	0.320662698412698	0.149558074063061	0.260269331043559
m1	26	Egg	2	2	0.1	1.29515446481779	0.27379361954067	152.527188367247	0.886335403726708	0.438027777777778	0.201691318367002	0.377537700659537
m2	26	Egg	2	2	0.1	1.55366552981042	0.317441682549308	169.077056094016	0.818154761904762	0.414777777777778	0.169433532591551	0.350999009269915
m3	26	Egg	2	2	0.1	1.89928678415022	0.278946633012224	101.653501155495	0.844306418219462	0.128984126984127	0.133450596258937	0.0829373496105484
m4	26	Egg	2	2	0.1	1.49962259934095	0.3474473837927	125.86294374705	0.871502976190476	0.390734126984127	0.162302144694729	0.329403885007703
m5	26	Egg	2	2	0.1	2.0396269523636	0.240025550503346	137.406331476638	0.815914786967419	0.131896825396825	0.11593009014957	0.083669999775275
m6	26	Egg	2	2	0.1	1.42793258630638	0.315996930365862	141.862943698498	0.866208791208791	0.357472222222222	0.179546551543577	0.296250065113896
m7	26	Egg	2	2	0.1	1.73086458561587	0.262001091563591	146.537254262934	0.81052380952381	0.275650793650794	0.144769365702831	0.22537151714949
m1	27	Egg	2	2	0.1	1.34137753204816	0.431172102882416	165.545177495901	0.854201680672269	0.410801587301587	0.180902037495047	0.35141148725985
m2	27	Egg	2	2	0.1	1.38390645709268	0.324497532196622	150.895431054777	0.872186147186147	0.422011904761905	0.182413964409147	0.35971209557317
m3	27	Egg	2	2	0.1	1.70996069826614	0.321785110256655	110.436958048481	0.860164835164835	0.162503968253968	0.13195981531187	0.10741176620989
m4	27	Egg	2	2	0.1	1.70978215989045	0.234476127007996	166.10272708035	0.817738095238095	0.37981746031746	0.164604300760445	0.320140080980597
m5	27	Egg	2	2	0.1	2.25318126314057	0.291231301785945	117.875694421671	0.755059523809524	0.12502380952381	0.111584315820686	0.0763348324714416
m6	27	Egg	2	2	0.1	1.71500626404967	0.304439001064325	168.725271611813	0.81321044546851	0.302866161616162	0.159905220773436	0.242156514222683
m7	27	Egg	2	2	0.1	1.6622571323767	0.310520381316042	118.686052972705	0.820017636684303	0.307945887445887	0.147755450677603	0.251096832722657
m1	28	Egg	2	2	0.1	0.91184982618268	0.276016377521771	153.561393190801	0.919246031746032	0.491710317460317	0.196392957928732	0.432887711769271
m2	28	Egg	2	2	0.1	1.11288161617431	0.214377071689082	153.658261507772	0.928499278499278	0.454460317460317	0.196418227378526	0.396152422422975
m3	28	Egg	2	2	0.1	1.74044421591307	0.210934309632282	115.019359329301	0.817238095238095	0.140642857142857	0.142465840596473	0.0931102332893894
m4	28	Egg	2	2	0.1	1.08239741028444	0.236246870342234	153.692576378231	0.941758241758242	0.44340873015873	0.190979156426231	0.390151818256739
m5	28	Egg	2	2	0.1	1.40519645650371	0.242954878138426	105.760990113271	0.884438775510204	0.320845238095238	0.16765552421718	0.255646889939654
m6	28	Egg	2	2	0.1	0.987451668864148	0.227720954657964	125.183347537164	0.894581280788177	0.493095238095238	0.198382176584592	0.434932974907157
m7	28	Egg	2	2	0.1	1.37220740925605	0.213725251101362	114.728525043124	0.881570512820513	0.407789682539683	0.200134350727603	0.351241869103549
m1	29	Egg	2	2	0	0.236222166309458	0.0765844890451824	155.450091641353	0.98375350140056	0.59302380952381	0.202755818430467	0.539478857726301
m2	29	Egg	2	2	0	0.2039429478608	0.107235945675026	161.363951692102	0.984573412698413	0.586436507936508	0.202622192090546	0.53374117040914
m3	29	Egg	2	2	0	0.830394725745792	0.257190001548837	128.255172090288	0.933616780045351	0.322861832611833	0.157212099630534	0.257736949385805
m4	29	Egg	2	2	0	0.226710447345672	0.104810716092516	160.09460817995	0.98821044546851	0.583515873015873	0.223289964866601	0.527169423192136
m5	29	Egg	2	2	0	0.868987745430143	0.142879693361869	104.534269183659	0.925541125541126	0.296388888888889	0.160256217298165	0.236544733547093
m6	29	Egg	2	2	0	0.575825275651485	0.143818286466088	133.836025690465	0.952976190476191	0.409031746031746	0.173081925529268	0.346443200208843
m7	29	Egg	2	2	0	0.862300545633607	0.174535289141366	104.603909437652	0.934460317460317	0.322503968253968	0.178096613633767	0.265014513266797
m1	30	Egg	2	2	0	0.188717101457916	0.114801160000542	155.851654385522	0.984139784946237	0.620470057720058	0.21534846543805	0.570485662887769
m2	30	Egg	2	2	0	0.196746423900092	0.111907898153801	161.84033736202	0.986422136422136	0.61105266955267	0.227391468366604	0.56388307965833
m3	30	Egg	2	2	0	1.2074865228048	0.188815053165375	97.6616480517145	0.912442396313364	0.203087301587302	0.143942713467469	0.156783576608815
m4	30	Egg	2	2	0	0.196068578352238	0.118446807367463	146.29215656538	0.984340659340659	0.604765873015873	0.209094313968025	0.558161078182394
m5	30	Egg	2	2	0	1.11683738537803	0.173232795112231	96.133472487441	0.904365079365079	0.206146825396825	0.125814828648205	0.148909750404842
m6	30	Egg	2	2	0	0.64500202570735	0.145831091507686	133.40263766463	0.967316017316017	0.393563492063492	0.145886912016375	0.330367031319969
m7	30	Egg	2	2	0	0.567726991606922	0.132274974517812	141.434856085223	0.94327731092437	0.38743253968254	0.18365012653164	0.324841393785439
m1	31	Egg	2	2	0.1	1.30707391755566	0.326404975224544	182.591673770688	0.909438775510204	0.414202380952381	0.186404136844063	0.351255533164168
m2	31	Egg	2	2	0.1	1.39080005345516	0.207104716277752	167.95756265546	0.882251082251082	0.40568253968254	0.172618866829117	0.345272757256404
m3	31	Egg	2	2	0.1	1.69964477566691	0.207853378278238	125.27772698533	0.878899835796388	0.161032828282828	0.142360847247492	0.105426205982458
m4	31	Egg	2	2	0.1	1.33565744777554	0.337265627483936	153.720949888011	0.907823129251701	0.37418253968254	0.191562075462981	0.318182476268451
m5	31	Egg	2	2	0.1	2.19610290590882	0.250167978380895	118.830270730376	0.727721088435374	0.129166666666667	0.118333859174408	0.0746355044129975
m6	31	Egg	2	2	0.1	1.66529574379442	0.392714096885434	146.728525036281	0.810544217687075	0.295259018759019	0.18645375512922	0.233430663168171
m7	31	Egg	2	2	0.1	1.76286543742595	0.189450941708721	120.779045602579	0.783954451345756	0.303928571428571	0.163954416471938	0.244458574459805
m1	32	Egg	2	2	0.1	1.17996143416531	0.249982961184505	169.588212416853	0.921666666666667	0.403150793650794	0.195341973320876	0.341523414150412
m2	32	Egg	2	2	0.1	1.29998043762225	0.290053831818034	153.675533950962	0.898343685300207	0.433936507936508	0.167960806250236	0.374130564906268
m3	32	Egg	2	2	0.1	1.81880388063815	0.256615675790927	115.019359329301	0.804551820728291	0.161297619047619	0.141658862600655	0.11047325630581
m4	32	Egg	2	2	0.1	1.39064580186413	0.251506448007197	181.386616118247	0.894761904761905	0.349686507936508	0.167794682619778	0.29276013697043
m5	32	Egg	2	2	0.1	2.02920842209524	0.263896985611866	111.003819232216	0.737781954887218	0.186369047619048	0.124216220785466	0.122887743592394
m6	32	Egg	2	2	0.1	1.61596051473582	0.326065828144631	153.304723541753	0.830045351473923	0.29765873015873	0.153252834041836	0.23392527694718
m7	32	Egg	2	2	0.1	1.57364618090708	0.232695121321131	119.732549287355	0.835943223443223	0.293496031746032	0.158256175588136	0.235539694402082
m1	33	Egg	2	2	1e-04	0.924497597426503	0.68375528949362	153.545331649679	0.963142857142857	0.445757936507936	0.190650804595213	0.380990534243589
m2	33	Egg	2	2	0	0.447357395504794	0.160042384849773	123.347712819939	0.971683673469388	0.477261904761905	0.183132012070183	0.419325986668408
m3	33	Egg	2	2	0	1.12395765434423	0.176991305754996	117.730310478617	0.905	0.242496031746032	0.144543793863987	0.17750094673365
m4	33	Egg	2	2	0.1	1.23231528306842	0.201952436981375	137.690773039572	0.929603174603175	0.408238095238095	0.18763496024696	0.347197100426598
m5	33	Egg	2	2	0.1	1.92285798570889	0.304958156796989	107.551634368191	0.777838827838828	0.232503968253968	0.157593494062189	0.171500039752707
m6	33	Egg	2	2	0.1	1.41905953933825	0.18627195929882	129.002432592674	0.869047619047619	0.352781746031746	0.170747317433	0.288968771434146
m7	33	Egg	2	2	0	0.985502408997835	0.19859581215515	104.603932364048	0.912610229276896	0.279960317460317	0.138991824930213	0.21722687883508
m1	34	Egg	2	2	0.1	1.06125551536599	0.310268746742399	175.216715246246	0.949134199134199	0.419453102453102	0.18533554058719	0.355883012646699
m2	34	Egg	2	2	0	0.370593524440255	0.169846342582259	123.347712819939	0.98015873015873	0.47956746031746	0.211974974954049	0.422418596310854
m3	34	Egg	2	2	0	1.1319297139617	0.146710361805701	117.730310478617	0.914121510673235	0.210194444444444	0.1299120287696	0.155246985112273
m4	34	Egg	2	2	0.1	1.2201541948054	0.200808419967217	137.690773039572	0.946547619047619	0.410535714285714	0.19097647856054	0.351627883971562
m5	34	Egg	2	2	0.1	1.88643509578139	0.312039255559984	107.551634306789	0.785714285714286	0.222519841269841	0.13777988231198	0.161447924954774
m6	34	Egg	2	2	0.1	1.32462968635674	0.320257890973285	129.002432592674	0.898238095238095	0.345587301587302	0.172423069472529	0.284819227657638
m7	34	Egg	2	2	0	0.920550938479597	0.191305564726038	104.603932364048	0.93031994047619	0.317539682539683	0.152404301244806	0.252412627951927
m1	35	Egg	2	2	0.1	0.913362803810009	0.248050995190899	165.80370354375	0.942857142857143	0.496611111111111	0.201725426862235	0.436222154219801
m2	35	Egg	2	2	0.1	0.92945712885942	0.212567510451689	149.880669138352	0.953209109730849	0.47165873015873	0.226439321609995	0.420574432697327
m3	35	Egg	2	2	1e-04	1.32596566680047	0.556298303905231	109.277726841457	0.882363315696649	0.253678571428571	0.15258413414441	0.188009087983698
m4	35	Egg	2	2	0.1	1.05671962873136	0.188399084935954	153.649732841606	0.941241496598639	0.42947619047619	0.191116191045215	0.368626066809985
m5	35	Egg	2	2	0.1	1.79716175561266	0.259680133974642	109.403258314857	0.789434523809524	0.254730158730159	0.154414080261036	0.196406314937469
m6	35	Egg	2	2	0.1	1.49668456329197	0.488461336046641	137.506358999344	0.824047619047619	0.326952380952381	0.195688210279231	0.266110441457317
m7	35	Egg	2	2	0.1	1.59504663969789	0.295090607884157	106.366695169824	0.848095238095238	0.309186507936508	0.169037808451391	0.255385079427327
m1	36	Egg	2	2	0.1	1.26206821092988	0.340438106678138	181.767084930496	0.914056776556777	0.432444444444444	0.191385899151182	0.373981153704135
m2	36	Egg	2	2	0.1	1.12700852508291	0.223598405555331	150.882530611057	0.937770562770563	0.464630952380952	0.199841254997049	0.412147340413627
m3	36	Egg	2	2	0.1	1.66313545737717	0.238042374803725	110.436958048481	0.851809523809524	0.219480158730159	0.140344862777928	0.154285034112104
m4	36	Egg	2	2	0.1	1.54243408631439	0.373322483513208	182.638545665902	0.874702380952381	0.359829365079365	0.174727332936901	0.305459264362824
m5	36	Egg	2	2	0.1	2.36061973754825	0.240384828875244	138.279145315422	0.698686371100164	0.139638888888889	0.120301978770967	0.0876493301976684
m6	36	Egg	2	2	0.1	1.58041481970386	0.359993551179799	144.165173414578	0.835170068027211	0.336762987012987	0.168248007383778	0.271867151460283
m7	36	Egg	2	2	0.1	1.52011025742245	0.32175358106819	114.728525073295	0.85598544973545	0.34352380952381	0.155975933306455	0.2784445684354
m1	37	Egg	2	2	0	0.1898185276573	0.108354008455856	155.297895557693	0.979960317460317	0.586714285714286	0.217674785606707	0.538033636888287
m2	37	Egg	2	2	0	0.200976612726519	0.0961158208980867	160.42014912835	0.993121693121693	0.630730158730159	0.210079603580602	0.585383489259766
m3	37	Egg	2	2	0	0.927272874781577	0.160583261475718	128.255172090288	0.919929453262787	0.317968975468975	0.152451903077214	0.254358292110545
m4	37	Egg	2	2	0	0.184999715866982	0.113942009421978	160.904638752199	0.99062980030722	0.616190476190476	0.211180394250844	0.567286714148072
m5	37	Egg	2	2	0	1.11593057052485	0.222872913875112	96.133472487441	0.906031746031746	0.222948412698413	0.166387892776317	0.167890458802034
m6	37	Egg	2	2	0	0.56908765368071	0.128964274744608	133.40263766463	0.948582766439909	0.39821645021645	0.156960612395008	0.334756723189947
m7	37	Egg	2	2	0	0.610469903781494	0.174000500287478	112.955987610581	0.963598901098901	0.390670634920635	0.186871236900564	0.324960107099039
m1	38	Egg	2	2	1e-04	0.324108165214732	0.154614610285914	172.113359532769	0.982692307692308	0.565801587301587	0.197611138479977	0.509546569159944
m2	38	Egg	2	2	0	0.194019359931015	0.109846295760958	161.84033736202	0.989550264550265	0.592150793650794	0.206341648799084	0.540113497608407
m3	38	Egg	2	2	0	1.14681804774955	0.201115096805553	97.6616480517145	0.90546218487395	0.223825396825397	0.136442574707335	0.160766453863542
m4	38	Egg	2	2	1e-04	0.51025758685447	0.21723307085472	162.681458372168	0.982783882783883	0.532880952380952	0.178596510272463	0.475097354762549
m5	38	Egg	2	2	0.1	1.74509929178284	0.217195548026939	109.522851718081	0.852469135802469	0.234178571428571	0.14326013224467	0.170372221168342
m6	38	Egg	2	2	1e-04	1.08418296995689	0.671094946418322	127.089006173741	0.936755952380952	0.398242063492063	0.169794851587523	0.333538485325324
m7	38	Egg	2	2	0	0.60984209582601	0.167848135944957	112.955987591006	0.949137931034483	0.393174603174603	0.199023119055056	0.322540372580526
m1	39	Egg	2	2	0.1	1.21941087639604	0.274703893494455	166.81944249405	0.907583774250441	0.455757936507937	0.190757972713548	0.394087976674405
m2	39	Egg	2	2	0.1	1.25529892438993	0.343781510849595	151.976373854837	0.881578947368421	0.414400793650794	0.211487305687426	0.355333364806075
m3	39	Egg	2	2	1e-04	1.63065650798927	0.51306605202516	102.275089419638	0.842443064182195	0.169087301587302	0.130388914362774	0.117548591801987
m4	39	Egg	2	2	0.1	1.36118521694539	0.256311417229233	151.24572902422	0.898901098901099	0.406087301587302	0.173134696147672	0.341413294814048
m5	39	Egg	2	2	0.1	2.16342263198376	0.230894181499182	105.105037620403	0.735019841269841	0.145789682539683	0.118789079730948	0.0949937655684057
m6	39	Egg	2	2	0.1	1.50821900871309	0.288487612460792	143.955936333361	0.847198879551821	0.34136544011544	0.171724753812483	0.279111205020546
m7	39	Egg	2	2	0.1	1.50418807001845	0.296825421146912	129.002432594724	0.844444444444444	0.352329365079365	0.164540304513287	0.292906835059827
m1	40	Egg	2	2	0.1	0.825578054180369	0.322469141573842	176.274936142833	0.928571428571429	0.5485	0.220157452082065	0.496659407404562
m2	40	Egg	2	2	0.1	0.932848989959061	0.236638815951868	149.545177479799	0.962095238095238	0.496563492063492	0.19777322169981	0.440777224954217
m3	40	Egg	2	2	1e-04	1.33698836944935	0.416568159971858	109.277726841457	0.883205782312925	0.273392857142857	0.134091169654151	0.212426320848146
m4	40	Egg	2	2	0.1	0.967963218303461	0.267452707273187	148.153715445287	0.928486394557823	0.537011904761905	0.220122844197879	0.487406483344568
m5	40	Egg	2	2	0.1	1.69334063453477	0.28253044146672	110.324223059497	0.796386054421769	0.285912698412698	0.156941557249493	0.222079912129247
m6	40	Egg	2	2	0.1	1.32050217601813	0.400584380944645	127.276340179747	0.833971088435374	0.434214285714286	0.177672013714664	0.374285957179845
m7	40	Egg	2	2	0.1	1.52100036740035	0.237460854200222	106.366695169824	0.854428571428571	0.321738095238095	0.169074401087854	0.26531620027429
m1	41	Egg	2	2	0.1	1.00704493850696	0.299485130907204	179.819085044015	0.954117063492063	0.459214285714286	0.196830080544178	0.399277312127789
m2	41	Egg	2	2	0.1	0.972651574755734	0.253162956073295	164.162637192928	0.935281385281385	0.513710317460317	0.218231042093209	0.46080290091876
m3	41	Egg	2	2	1e-04	1.40790108581102	0.459843302530143	109.277726841457	0.878333333333333	0.258477272727273	0.151604512083656	0.1980830365145
m4	41	Egg	2	2	0.1	1.04287998767639	0.223750843469157	147.819085042948	0.954304029304029	0.434329365079365	0.196377266067514	0.377145265609322
m5	41	Egg	2	2	0.1	2.00210463505404	0.25565942918113	108.736573583741	0.73592132505176	0.225261904761905	0.159541937944296	0.162770342708539
m6	41	Egg	2	2	0.1	1.60436853470297	0.443489145227579	143.27634014793	0.80625	0.337126984126984	0.187130104143976	0.28189362165975
m7	41	Egg	2	2	0.1	1.63874585995969	0.28978797849624	132.821517685164	0.810302197802198	0.287031746031746	0.174244003238022	0.233378257271765
m1	42	Egg	2	2	1e-04	0.575045744396173	0.571411868124092	137.364262503002	0.974761904761905	0.48218253968254	0.184786491899457	0.420094982280966
m2	42	Egg	2	2	0	0.402062192518706	0.12228096392763	123.34733470766	0.973928571428571	0.503884920634921	0.181212448509103	0.445878630314856
m3	42	Egg	2	2	0	1.43325863627635	0.171746833401568	107.608099114193	0.861130952380952	0.108615079365079	0.106784257511036	0.0627349109560826
m4	42	Egg	2	2	0.1	1.20893635873219	0.269219751349674	109.18334755272	0.926857142857143	0.460087301587302	0.185213563585236	0.400738901328429
m5	42	Egg	2	2	0.1	1.8886929582507	0.260883537663242	97.0968126855806	0.839333333333333	0.185253968253968	0.12206525905507	0.127457054944969
m6	42	Egg	2	2	0.1	1.07242761444895	0.243364855664658	149.231619139435	0.944940476190476	0.393980158730159	0.192710585368657	0.331546354199055
m7	42	Egg	2	2	0	0.572740119490244	0.124423751625419	141.434856085223	0.954585537918871	0.425837301587302	0.194047155055377	0.363182009472338
m1	43	Egg	2	2	0.1	1.26158938873693	0.302820186245403	167.853991586235	0.890833333333333	0.436488095238095	0.198863264069643	0.381581920642227
m2	43	Egg	2	2	0.1	1.25406053107147	0.343338907909169	151.976373459972	0.879349816849817	0.481825396825397	0.180913233897288	0.426059922928211
m3	43	Egg	2	2	1e-04	1.76109021191807	0.489429667802735	102.275089419638	0.833538587848933	0.139813492063492	0.116328522679408	0.0912072148346653
m4	43	Egg	2	2	0.1	1.24717634452097	0.243906868731117	164.894260858489	0.953333333333333	0.370765873015873	0.199809903771712	0.315926138823863
m5	43	Egg	2	2	0.1	1.895086123093	0.307007363066237	113.525791693933	0.777	0.211214285714286	0.154269190762212	0.154735410418794
m6	43	Egg	2	2	0.1	1.42873247009959	0.308519337741815	143.276340153618	0.849425287356322	0.374333333333333	0.171634328773032	0.315691983883627
m7	43	Egg	2	2	0.1	1.53524677122536	0.31335735027745	129.002432594727	0.836635944700461	0.386444444444444	0.183511329199037	0.324202037129269
m1	44	Egg	2	2	0	0.198025458905857	0.0958430019716078	155.450091641353	0.986428571428571	0.58709126984127	0.213168091951983	0.536711103137621
m2	44	Egg	2	2	0	0.156400808197587	0.106302764224971	161.363951692102	0.992261904761905	0.610392857142857	0.219380187078943	0.562555226952989
m3	44	Egg	2	2	0	0.861112378126637	0.210992703592676	128.255172090288	0.937337662337662	0.29472619047619	0.145114981571327	0.231435338691457
m4	44	Egg	2	2	0	0.218477433889585	0.084621562078715	160.09460817995	0.977437641723356	0.599884920634921	0.193721536877268	0.551166840425113
m5	44	Egg	2	2	0	0.899750919575459	0.179009630747238	104.534269183659	0.935347985347985	0.300234126984127	0.165038930794011	0.238332072892565
m6	44	Egg	2	2	0	0.603983909513577	0.187709366641419	112.804826893056	0.96052380952381	0.420337301587302	0.177323211043668	0.356316249109714
m7	44	Egg	2	2	0	0.922659803575804	0.200494984840555	104.603909437652	0.923370927318296	0.280011904761905	0.153956080280122	0.218691609509398
m1	45	Egg	2	2	0.1	1.49920065351462	0.398117680972445	169.599010618094	0.829047619047619	0.400948412698413	0.186315845861937	0.345294390979917
m2	45	Egg	2	2	0.1	1.39568113333928	0.295253498756761	154.730319623127	0.868827160493827	0.416281746031746	0.174382681180392	0.355016547863695
m3	45	Egg	2	2	0.1	1.82207209955886	0.230544161616087	115.019359917907	0.808292282430213	0.147376984126984	0.12218106339738	0.100658446310059
m4	45	Egg	2	2	0.1	1.55796799744719	0.321786299599551	141.183347555126	0.829166666666667	0.356115079365079	0.1837082249331	0.30023320078446
m5	45	Egg	2	2	0.1	2.32072085578436	0.306715421487271	138.519383023139	0.708285714285714	0.103992063492063	0.113699366167238	0.0625873530068363
m6	45	Egg	2	2	0.1	1.9018252697096	0.285778146011814	146.728525020483	0.770833333333333	0.260992424242424	0.154385429159892	0.202585765736743
m7	45	Egg	2	2	0.1	1.89681359594393	0.477373829307835	147.718555280106	0.748057644110276	0.29075	0.169080300727398	0.230102829956892
m1	46	Egg	2	2	0.1	1.17589698303851	0.255220067121885	180.040776398764	0.930952380952381	0.422968253968254	0.171803352147881	0.354648794667692
m2	46	Egg	2	2	1e-04	1.01120616210685	0.750114305669635	149.545177479214	0.957242063492064	0.502555555555556	0.209248536200724	0.450485616166304
m3	46	Egg	2	2	0.1	1.69170379731335	0.207520757525051	110.436958049227	0.838169642857143	0.184547619047619	0.147651981487614	0.127230294317618
m4	46	Egg	2	2	0.1	1.44554783416244	0.346022011758562	180.769961037586	0.888378684807256	0.36590873015873	0.168428600438112	0.311250729854444
m5	46	Egg	2	2	0.1	2.24967947685441	0.252394319370834	113.343526068233	0.720952380952381	0.194380952380952	0.126743984892245	0.13668034708032
m6	46	Egg	2	2	0.1	1.58865238167474	0.334781369999279	143.955936284947	0.847916666666667	0.302484126984127	0.156961259760301	0.243501813396611
m7	46	Egg	2	2	1e-04	1.39248835356582	0.616248699045789	145.063375270555	0.921794871794872	0.30156746031746	0.150965841105634	0.241317921395825
m1	47	Egg	2	2	0.1	1.32602651002091	0.353601869452035	140.136851259536	0.87803776683087	0.401646825396825	0.203242822508926	0.342849342229488
m2	47	Egg	2	2	0.1	1.47870043731377	0.319800982585468	169.077056094016	0.849857142857143	0.401638888888889	0.181169120264544	0.344226050476967
m3	47	Egg	2	2	0.1	2.03478656241741	0.235166439025182	101.653501556639	0.758374384236453	0.128361111111111	0.112685221885533	0.0742730035984235
m4	47	Egg	2	2	0.1	1.47374572175617	0.387905870443192	124.136851242028	0.852701465201465	0.397489177489178	0.201005689776382	0.336455465908986
m5	47	Egg	2	2	0.1	1.89872352287912	0.282800872272999	110.865376331993	0.807217261904762	0.211960317460317	0.136705798218839	0.149737732877172
m6	47	Egg	2	2	0.1	1.64083565682519	0.360971139033902	129.682028728948	0.858658008658009	0.298559523809524	0.159164006011834	0.23564861007666
m7	47	Egg	2	2	0.1	1.79404383526786	0.334934699082686	119.038844302807	0.794001831501831	0.290575396825397	0.164576597364588	0.234057247416377
m1	48	Egg	2	2	0.1	1.02114085694821	0.390505812338369	150.591673777184	0.921577380952381	0.483178571428571	0.216090689227802	0.426032933777338
m2	48	Egg	2	2	0.1	1.22748821179675	0.249058248022737	150.895431054777	0.891950113378685	0.459964285714286	0.206692834765639	0.403810969603903
m3	48	Egg	2	2	1e-04	1.65565585636821	0.719663003067386	110.436958048481	0.891097308488613	0.203801587301587	0.13551353495542	0.149897838286642
m4	48	Egg	2	2	0.1	1.24863181823703	0.337430195503649	163.864689655428	0.903617216117216	0.459678571428571	0.211243562401833	0.403331592274756
m5	48	Egg	2	2	0.1	1.92273776176874	0.262123383835476	112.958369287532	0.813305322128852	0.182916666666667	0.131401351309407	0.127191925203384
m6	48	Egg	2	2	0.1	1.59740689620992	0.322494045591174	152.366212237121	0.852040816326531	0.279444444444444	0.154637040932913	0.221404504164442
m7	48	Egg	2	2	0.1	1.71948138675683	0.229810314131921	118.686052972705	0.808085317460317	0.288694444444444	0.159650355935213	0.231038797405628
m1	49	Egg	2	2	0.1	0.80988724617786	0.274436985831453	151.844816914802	0.936335403726708	0.525611111111111	0.209603569517371	0.473372313707358
m2	49	Egg	2	2	0.1	0.988609622589012	0.218685278499374	137.364262519597	0.925595238095238	0.505507936507936	0.189510591956585	0.449308022392467
m3	49	Egg	2	2	1e-04	1.4125954819146	0.440876869779109	109.277726841457	0.868055555555556	0.269253968253968	0.139537828423986	0.199578930369798
m4	49	Egg	2	2	0.1	0.997317547395153	0.257473804210434	135.638170073993	0.935407066052227	0.518984126984127	0.213855571879454	0.466410769250661
m5	49	Egg	2	2	0.1	1.6577500119884	0.265885710186651	109.463900177732	0.825537634408602	0.261761904761905	0.163887646784877	0.204392895625371
m6	49	Egg	2	2	0.1	1.45959155918235	0.345266002088712	129.002432630188	0.836791383219955	0.381599206349206	0.160838507595271	0.317177913299886
m7	49	Egg	2	2	0.1	1.57268780566073	0.294504222982174	106.366695064166	0.833540372670807	0.283579365079365	0.164664441093219	0.22511555404046
m1	50	Egg	2	2	0.1	1.21987402750545	0.256748700187286	181.768626989666	0.928373015873016	0.376777777777778	0.164940030815041	0.314006041546595
m2	50	Egg	2	2	0.1	1.24079902636252	0.316541588877225	165.892249338484	0.91497113997114	0.43293253968254	0.209908601948652	0.372244734775904
m3	50	Egg	2	2	0.1	1.82082044098633	0.22683868101862	115.019359329301	0.812233169129721	0.142694444444444	0.115659279997997	0.0868277410577313
m4	50	Egg	2	2	0.1	1.40827609989267	0.268317971659908	149.917936394703	0.902857142857143	0.354746031746032	0.169988277735387	0.29330306716149
m5	50	Egg	2	2	0.1	1.94903552705008	0.327288725222084	133.042824187727	0.835863095238095	0.185031746031746	0.145186175580028	0.131216255877458
m6	50	Egg	2	2	0.1	1.51828386168319	0.258878445874187	143.955936285816	0.839238095238095	0.331138888888889	0.176825595937823	0.266975609388613
m7	50	Egg	2	2	0.1	1.54553499735898	0.305827161051932	131.913464297002	0.877539682539683	0.28706746031746	0.169650861627126	0.242114849162516
m1	51	Egg	2	2	0.1	1.10018438901832	0.260327305872804	181.768626989666	0.940367965367965	0.386785714285714	0.197653916272854	0.328815845581427
m2	51	Egg	2	2	0.1	1.29169900241607	0.348149932873178	165.892249338484	0.917184265010352	0.424396825396825	0.17586832735818	0.363023926662614
m3	51	Egg	2	2	0.1	1.76029251007698	0.201801487776332	115.019359329301	0.793055555555556	0.140706349206349	0.112589120938442	0.0870684436842525
m4	51	Egg	2	2	0.1	1.35524331953405	0.388345368412501	149.917936394703	0.912896825396825	0.366769841269841	0.177538195309496	0.307278734678269
m5	51	Egg	2	2	0.1	1.99673386915521	0.260167407261178	133.042824187727	0.807482993197279	0.208210317460317	0.11762098381667	0.14853192839281
m6	51	Egg	2	2	0.1	1.53345425594517	0.250764991040027	144.168866296332	0.842261904761905	0.315384920634921	0.150505395810619	0.252851820444424
m7	51	Egg	2	2	0.1	1.48532896174791	0.183652042068617	161.072848058595	0.88167701863354	0.307369047619048	0.145820297528603	0.249380438713548
m1	52	Egg	2	2	1e-04	0.279564341402559	0.140821989457634	171.922415768536	0.984863945578231	0.583650793650794	0.221523558706755	0.531168096534253
m2	52	Egg	2	2	0	0.179253371997995	0.112852131238225	161.363951692102	0.990564373897707	0.580349206349206	0.229534923381802	0.522243694083293
m3	52	Egg	2	2	0	0.931857142112681	0.185585644291473	128.255172090288	0.938321995464853	0.298599206349206	0.142910126090758	0.23422963551396
m4	52	Egg	2	2	1e-04	0.427299329546655	0.246988132409461	176.619958139387	0.991709183673469	0.529039682539683	0.219156698395198	0.47596366909758
m5	52	Egg	2	2	0.1	1.66310353801203	0.288475869771673	105.73034296816	0.843984962406015	0.273694444444444	0.169966702229647	0.219970881445361
m6	52	Egg	2	2	0.1	1.26728873245416	0.27219866508418	114.728525065164	0.899603174603175	0.359468253968254	0.160981390359645	0.294433441217294
m7	52	Egg	2	2	0	0.908092705923241	0.176434398737267	104.603909437652	0.929761904761905	0.294297619047619	0.152370896289406	0.232614402320719
m1	53	Egg	2	2	0.1	1.27608491887555	0.412920344884517	156.136851299999	0.90812324929972	0.403488095238095	0.217149509877383	0.34265570406904
m2	53	Egg	2	2	0.1	1.37471380671811	0.291249456308454	167.652439847621	0.894306418219462	0.420587301587302	0.181550465645726	0.360502230986499
m3	53	Egg	2	2	0.1	1.92178985706861	0.23257217870398	122.411750074447	0.82515873015873	0.156630952380952	0.131213395124796	0.103653471630411
m4	53	Egg	2	2	0.1	1.51480464073146	0.247526789667561	168.505334080557	0.893333333333333	0.351579365079365	0.162272560815522	0.288243407948158
m5	53	Egg	2	2	0.1	1.97172936001506	0.312905090285646	110.462666054993	0.821753246753247	0.157845238095238	0.147328694806039	0.107147910164272
m6	53	Egg	2	2	0.1	1.53122371455408	0.483136040377301	129.002432568452	0.828285714285714	0.358198412698413	0.164420298823227	0.298983146063668
m7	53	Egg	2	2	0.1	1.53773678623999	0.357505126979748	114.728525073296	0.852	0.336285714285714	0.176066709790852	0.280860129823912
m1	54	Egg	2	2	0.1	1.06087579330341	0.249567767817503	153.577454691609	0.925833333333333	0.422003968253968	0.19328396569701	0.36545888227498
m2	54	Egg	2	2	0.1	1.3083672909892	0.309899107959711	153.364262507228	0.875340136054422	0.403448412698413	0.205451426121379	0.345286261271154
m3	54	Egg	2	2	0.1	1.77427306498612	0.190518680803534	115.019359329301	0.84796626984127	0.120468614718615	0.115119212167892	0.0771292375956025
m4	54	Egg	2	2	0.1	1.25532756461257	0.302274924920261	137.693600249423	0.934646962233169	0.462833333333333	0.176417534181455	0.405871415376011
m5	54	Egg	2	2	0.1	1.74146277864736	0.193176472350202	111.189550871311	0.864384920634921	0.204718253968254	0.163430992022441	0.147473541840035
m6	54	Egg	2	2	0.1	1.35843941487456	0.277886501512757	130.72852509412	0.872704081632653	0.33512012987013	0.185980867923416	0.266684243421972
m7	54	Egg	2	2	0.1	1.6052713762487	0.22852732624761	146.248184817761	0.831507936507937	0.29343253968254	0.168954774902094	0.238677273355713
m1	55	Egg	2	2	0.1	1.31417022928706	0.486008023595875	166.864761920462	0.855687830687831	0.401718253968254	0.210451485569209	0.343820707144058
m2	55	Egg	2	2	0.1	1.50250347440192	0.36269441566976	166.952961753849	0.854308390022676	0.414400793650794	0.155243720487213	0.350105067447736
m3	55	Egg	2	2	0.1	1.89169381699554	0.329979082556401	115.360500581357	0.762081128747795	0.128869047619048	0.140713934786514	0.0852732056162506
m4	55	Egg	2	2	0.1	1.28787331815874	0.226758095897712	138.410758812329	0.88731884057971	0.41481746031746	0.178458101142255	0.356492121115977
m5	55	Egg	2	2	0.1	1.91137178937752	0.239946243085424	120.600276181866	0.77038506760729	0.191694444444444	0.137402919775128	0.140443552465595
m6	55	Egg	2	2	0.1	1.64570045974557	0.396964635466694	131.775021349036	0.786967418546366	0.307666666666667	0.17039599516303	0.244311412199102
m7	55	Egg	2	2	0.1	1.85028897170877	0.244829068161264	161.462247967254	0.740476190476191	0.302642857142857	0.161832096645179	0.244869300659946
m1	56	Egg	2	2	1e-04	0.854101272379376	0.606335413181745	187.566598491093	0.983571428571429	0.496412698412698	0.217796406400782	0.440678548053577
m2	56	Egg	2	2	1e-04	0.504365410607653	0.228295588382983	177.879102015059	0.984157509157509	0.490559523809524	0.217931104168053	0.436728339350906
m3	56	Egg	2	2	1e-04	1.54501387076179	0.483158354425496	145.406347079053	0.923809523809524	0.250710317460317	0.151834235391981	0.190319520583865
m4	56	Egg	2	2	0.1	1.1965872900809	0.339795297993624	147.81908504698	0.94320987654321	0.443806998556999	0.19304306453864	0.3834883315638
m5	56	Egg	2	2	0.1	1.94066736876631	0.153184391290958	113.193448425833	0.815828924162257	0.180690476190476	0.132083533915632	0.128300886285822
m6	56	Egg	2	2	0.1	1.35804996368374	0.20656712116658	143.106602697349	0.911243386243386	0.317019841269841	0.144545398288867	0.248536466401661
m7	56	Egg	2	2	1e-04	1.26580416212138	0.660169417765558	117.639556726039	0.902292768959436	0.321936507936508	0.157548825524068	0.258620640565969
m1	57	Egg	2	2	0.1	0.895944546814786	0.265352814578486	165.807420660539	0.936904761904762	0.491392857142857	0.225343953566171	0.432479812196419
m2	57	Egg	2	2	1e-04	0.864650376124734	0.553287817733253	149.888759061297	0.981825396825397	0.5335	0.200213673235526	0.478063137283965
m3	57	Egg	2	2	1e-04	1.76774165220229	0.552102779263655	119.527831592884	0.838988095238095	0.151623015873016	0.126617964732714	0.104841860543576
m4	57	Egg	2	2	0.1	1.2403846758822	0.280429705562274	137.364262517985	0.908521303258145	0.389146825396825	0.170602602685051	0.333588519012934
m5	57	Egg	2	2	0.1	1.75443794898193	0.193561143036475	112.290472334611	0.81737012987013	0.201190476190476	0.137648414918683	0.136631927203297
m6	57	Egg	2	2	0.1	1.3111956455309	0.325063867161485	129.002432631718	0.848447204968944	0.370095238095238	0.179238084688344	0.309204268147559
m7	57	Egg	2	2	0.1	1.325498066087	0.282646017150413	114.728525002645	0.886309523809524	0.432539682539683	0.200211780990669	0.373051914602172
m1	58	Egg	2	2	1e-04	0.790112452962793	0.564337466115267	163.819085031767	0.977639751552795	0.528468253968254	0.184994134768884	0.47260032783692
m2	58	Egg	2	2	0.1	1.01865962090023	0.224941665706661	148.111457440703	0.951515151515152	0.493646825396825	0.208639536116922	0.4418726657347
m3	58	Egg	2	2	0	0.848207867867518	0.183216463373555	128.255172090288	0.924267399267399	0.331841630591631	0.183088643422826	0.269295785511693
m4	58	Egg	2	2	0.1	1.04497562265482	0.226450040851755	147.819085044869	0.952922077922078	0.448436507936508	0.188188394663177	0.394321497097782
m5	58	Egg	2	2	0.1	1.81334547350814	0.254718597313653	108.995908063152	0.816428571428572	0.230234126984127	0.151263399770336	0.172118158576519
m6	58	Egg	2	2	0.1	1.52548044890051	0.305951372098175	129.002432630556	0.830325814536341	0.339822871572872	0.151776426776835	0.277798065540577
m7	58	Egg	2	2	0.1	1.60385296389788	0.230705114315334	118.547610031204	0.839980158730159	0.283857142857143	0.159690486033523	0.232664017213974
m1	59	Egg	2	2	1e-04	0.622545460157091	0.629051023284022	147.819085040349	0.968125960061444	0.615785714285714	0.238256763258412	0.571147469972661
m2	59	Egg	2	2	1e-04	0.851113966436391	0.585368060544156	137.658830321307	0.960416666666667	0.491734126984127	0.204273976831354	0.438012904668436
m3	59	Egg	2	2	1e-04	1.77981356558702	0.498796987405591	102.275089419638	0.836712749615975	0.175373015873016	0.136225298724175	0.122393400769398
m4	59	Egg	2	2	1e-04	0.812075790651335	0.604962695013249	121.364262517636	0.956704260651629	0.500039682539683	0.205905519006977	0.447926010429013
m5	59	Egg	2	2	0.1	1.62666059375908	0.209407863258344	118.655801646654	0.867669172932331	0.218277777777778	0.145624668104839	0.167382701322413
m6	59	Egg	2	2	0.1	1.21445592769352	0.287149970591109	125.183347584925	0.838190476190476	0.461531746031746	0.185566739302634	0.400535299557563
m7	59	Egg	2	2	0.1	1.34251082916074	0.265824943203032	114.728525043124	0.902118764172336	0.399293650793651	0.187870040895081	0.340003064025493
m1	60	Egg	2	2	0.1	1.44744393783059	0.29610364728651	183.638170090906	0.857712215320911	0.336242063492063	0.173383835569112	0.273811298694404
m2	60	Egg	2	2	0.1	1.3144343161046	0.35423047609766	184.299136631366	0.904308390022676	0.437448412698413	0.194902676342203	0.379128041604175
m3	60	Egg	2	2	0.1	1.89321007224681	0.195606803118011	101.653501155495	0.826465201465201	0.153198412698413	0.12691631561802	0.099286411850411
m4	60	Egg	2	2	0.1	1.76487545609034	0.323512049567531	169.963104705506	0.811656746031746	0.313496031746032	0.167651558828957	0.249436659950505
m5	60	Egg	2	2	0.1	2.24425782276635	0.447887401739626	135.996310902173	0.684036796536796	0.169162698412698	0.151059846801648	0.108321421750282
m6	60	Egg	2	2	0.1	1.67111932731598	0.347785869755325	169.021817032038	0.815217391304348	0.261936507936508	0.171617403747988	0.203846904923727
m7	60	Egg	2	2	0.1	1.60509884208854	0.306098870829297	146.248184817761	0.848809523809524	0.299698412698413	0.166967108210111	0.239737810901648
m1	61	Egg	2	2	0.1	1.18515946158878	0.368449644038717	180.112910828725	0.872252747252747	0.44965873015873	0.201164989772929	0.392838142241042
m2	61	Egg	2	2	0.1	1.19878347366903	0.177063760987013	151.989611661157	0.890119047619048	0.49718253968254	0.169386581208588	0.438129551638257
m3	61	Egg	2	2	0.1	1.75606353824996	0.199843369623675	102.587709215883	0.831318681318681	0.144035714285714	0.127857203504691	0.0965393603257006
m4	61	Egg	2	2	0.1	1.38332293234113	0.222135673690596	142.744351103839	0.872476190476191	0.339531746031746	0.163511352769487	0.285547844096589
m5	61	Egg	2	2	0.1	2.22036855606598	0.239757019419202	120.909235052731	0.654269293924466	0.133	0.114817415402019	0.0815167756975774
m6	61	Egg	2	2	0.1	1.64190277891535	0.38544601294185	143.276340145003	0.748666666666667	0.362039682539683	0.197404164559585	0.306399162765794
m7	61	Egg	2	2	0.1	1.65300004948962	0.310042264279613	116.821517621152	0.781586021505376	0.355313492063492	0.165555025353134	0.29537456034567
m1	62	Egg	2	2	0.1	1.24099950480935	0.354141504210535	166.591673773019	0.905643738977072	0.429865079365079	0.195532304027236	0.368289737059016
m2	62	Egg	2	2	0.1	1.16962422589939	0.306724820008414	150.591673779907	0.936190476190476	0.465265873015873	0.186340734831008	0.405590795329594
m3	62	Egg	2	2	0.1	1.75162067690908	0.224825576866313	110.015332064976	0.866770186335404	0.171103174603175	0.12617361458535	0.120894858843875
m4	62	Egg	2	2	0.1	1.29560166595264	0.294600153849531	180.257662993257	0.919047619047619	0.392146825396825	0.193657539491119	0.338181652776003
m5	62	Egg	2	2	0.1	2.00077159821246	0.356490816752075	113.525791693933	0.763136288998358	0.19777380952381	0.141233219854864	0.144340723148644
m6	62	Egg	2	2	0.1	1.45237380948719	0.31512370235492	129.00243259511	0.852040816326531	0.339793650793651	0.173165707817326	0.280437479415827
m7	62	Egg	2	2	0.1	1.49969408874819	0.380645735893077	114.728525073295	0.873065476190476	0.341738095238095	0.155339695678758	0.277931242278348
m1	63	Egg	2	2	0.1	1.48834963693415	0.31265406487029	170.410758806418	0.865217391304348	0.36031746031746	0.186418093999011	0.302198361726865
m2	63	Egg	2	2	0.1	1.24036158213955	0.33562083314431	139.759656293087	0.895578231292517	0.437194444444444	0.184196942714401	0.377654500019304
m3	63	Egg	2	2	0.1	1.74784103197389	0.198280111705413	102.587709215883	0.819501133786848	0.133956349206349	0.120846560517505	0.0816628836704087
m4	63	Egg	2	2	0.1	1.59810888347267	0.2564257719652	169.015354594984	0.848313492063492	0.326611111111111	0.159362495284025	0.26319249330914
m5	63	Egg	2	2	0.1	2.30468345638759	0.324309332810469	138.586143412462	0.683008658008658	0.0964880952380952	0.101603339542271	0.0509958994779562
m6	63	Egg	2	2	0.1	1.71233127827805	0.333407020021954	146.04892885716	0.783333333333333	0.332365079365079	0.188941203246481	0.275365799862853
m7	63	Egg	2	2	0.1	1.66752677717316	0.270293667950708	116.821517621158	0.789732142857143	0.343650793650794	0.186501992134213	0.284137165035021
m1	64	Egg	2	2	0.1	1.3486429593403	0.519132504267692	154.41075881798	0.847619047619048	0.393218253968254	0.184770227513313	0.335815320829021
m2	64	Egg	2	2	0.1	1.29714941303453	0.34853591780575	182.301012138044	0.881135531135531	0.431710317460317	0.205278329785449	0.374332142655246
m3	64	Egg	2	2	0.1	1.82070968113725	0.322501130724203	133.97845758758	0.826604554865424	0.139698412698413	0.116464382751409	0.0906224674176761
m4	64	Egg	2	2	0.1	1.29770974517086	0.328861795090613	165.537897409473	0.901700680272109	0.417166666666667	0.178473514744798	0.361654100199425
m5	64	Egg	2	2	0.1	2.1450844442367	0.394482900619122	114.468809456509	0.74953314659197	0.157329365079365	0.126403802296049	0.110556683285205
m6	64	Egg	2	2	0.1	1.74450115448329	0.304561358220245	131.775021332529	0.786666666666667	0.313269841269841	0.160118987469141	0.252213843363768
m7	64	Egg	2	2	0.1	2.02516786260332	0.353316977304709	120.779045602579	0.70452380952381	0.28881746031746	0.157477403485466	0.228236990438739
m1	65	Egg	2	2	0	0.177015609701673	0.103749277391224	155.450091641353	0.990521978021978	0.593123015873016	0.226588519915002	0.546336429844366
m2	65	Egg	2	2	0	0.210792323757324	0.0759697571519169	161.363951692102	0.981944444444444	0.556880952380952	0.201174392548605	0.504221629000723
m3	65	Egg	2	2	0	0.888972207226508	0.13871272764952	128.255172090288	0.927513227513228	0.304376984126984	0.163783278895303	0.241707899505033
m4	65	Egg	2	2	0	0.229999284392812	0.0895629310262149	160.09460817995	0.985281385281385	0.575563492063492	0.173231152096033	0.521258414616515
m5	65	Egg	2	2	0	0.883102165695332	0.191140245370452	104.534269183659	0.927225672877847	0.31732215007215	0.154441381446818	0.250990995546868
m6	65	Egg	2	2	0	0.579889016080471	0.124897851379231	133.836025690465	0.969087301587302	0.431162698412698	0.171722055760451	0.366054232686087
m7	65	Egg	2	2	0	0.871291143154083	0.206278775611421	104.603909437652	0.928985507246377	0.308698412698413	0.163997021838835	0.254711880924322
m1	66	Egg	2	2	0.1	1.22931062180437	0.347784689936576	167.861644317245	0.895188492063492	0.408396825396825	0.199893374617798	0.352000111554766
m2	66	Egg	2	2	0.1	1.25195436547909	0.31435245071073	153.67553396372	0.875992063492063	0.427126984126984	0.170720533276677	0.364539685288509
m3	66	Egg	2	2	0.1	1.85195588397682	0.287760508448803	115.019359917907	0.825595238095238	0.157634920634921	0.125438336782566	0.106662081391062
m4	66	Egg	2	2	0.1	1.40124072272131	0.343339249583974	138.410758814092	0.870011337868481	0.400313492063492	0.188842604563697	0.340736974534713
m5	66	Egg	2	2	0.1	2.00948585964082	0.246886404837565	114.468809303089	0.783715986394558	0.173449494949495	0.126249721253512	0.116482324320673
m6	66	Egg	2	2	0.1	1.53054992724499	0.322490747710438	145.00243256947	0.857310744810745	0.328527777777778	0.160066911076322	0.2677046891543
m7	66	Egg	2	2	0.1	1.53799222960319	0.231071495203191	146.248184817761	0.876984126984127	0.299412698412698	0.16168712875048	0.24248436896973
m1	67	Egg	2	2	0.1	0.900971387940731	0.285698089399279	175.590595302738	0.938975155279503	0.469777777777778	0.227001033689576	0.408412712870298
m2	67	Egg	2	2	0.1	1.07745720684831	0.239099286751051	137.364262510677	0.916666666666667	0.463440476190476	0.211177250786239	0.410419850345349
m3	67	Egg	2	2	0	1.19624119818078	0.159054475654967	117.730310478617	0.896374458874459	0.225456349206349	0.137334152628649	0.169808933597627
m4	67	Egg	2	2	1e-04	1.02172536694948	0.551728341255328	137.702052246642	0.964194139194139	0.442865079365079	0.185268439507211	0.378301137865949
m5	67	Egg	2	2	0.1	1.68297783286099	0.32248449722302	107.551634400262	0.845562770562771	0.256960317460317	0.162463505300654	0.197604803537618
m6	67	Egg	2	2	0.1	1.31239380835225	0.25259842651502	129.002432605847	0.87641369047619	0.37534126984127	0.181083668080973	0.307070939706406
m7	67	Egg	2	2	0.1	1.48023698940363	0.257273975871248	118.547610058616	0.859340659340659	0.317409090909091	0.182084908341187	0.257345234455717
m1	68	Egg	2	2	1e-04	0.636466955654877	0.375283922591139	172.290755146358	0.985714285714286	0.50172619047619	0.195007237997908	0.441150502047808
m2	68	Egg	2	2	1e-04	0.400058850063604	0.250226211239217	177.879102015059	0.989795918367347	0.505695165945166	0.204374819502382	0.450132890856321
m3	68	Egg	2	2	0.1	1.60492191101142	0.165721633400143	145.406347079053	0.91656314699793	0.185087301587302	0.127576694551207	0.128170803950165
m4	68	Egg	2	2	1e-04	0.764014125748034	0.513943345965057	149.838145140336	0.985793650793651	0.520734126984127	0.213774013412001	0.467132889808739
m5	68	Egg	2	2	1e-04	1.65262964652912	0.604650360349943	109.27772678642	0.896807359307359	0.209011904761905	0.121184607587893	0.151588016104313
m6	68	Egg	2	2	1e-04	1.01229125395666	0.343424412785541	128.81970931044	0.971014492753623	0.302753968253968	0.156817752601844	0.242315458039562
m7	68	Egg	2	2	1e-04	1.27482139947325	0.6037947545815	117.639556737342	0.912732919254658	0.307563492063492	0.162344725782947	0.253417843083895
m1	69	Egg	2	2	0.1	1.18779639990082	0.426426050311684	167.638170068132	0.872527472527473	0.48997619047619	0.199601653501093	0.433997893067163
m2	69	Egg	2	2	0.1	1.16737409062072	0.397843307672079	151.638170070202	0.869444444444444	0.48390873015873	0.210785547148591	0.428445684337535
m3	69	Egg	2	2	0.1	1.81157793674249	0.218888774806331	115.360500297202	0.807142857142857	0.148861111111111	0.125501248005456	0.101465289484215
m4	69	Egg	2	2	0.1	1.56349703618083	0.347511049220763	140.498907957544	0.810141093474427	0.387896825396825	0.179491709653503	0.329387544396454
m5	69	Egg	2	2	0.1	2.15828353516893	0.296344474759826	119.001809353119	0.72184265010352	0.143305555555556	0.112703897988688	0.0916890260431675
m6	69	Egg	2	2	0.1	1.47200679004285	0.32721007797981	145.002432575617	0.837959183673469	0.376813492063492	0.177199890759237	0.31047043566744
m7	69	Egg	2	2	0.1	1.53910803024921	0.339423168380597	118.006456854596	0.821837797619048	0.366956349206349	0.185898927360261	0.309387789238268
m1	70	Egg	2	2	1e-04	0.977228087905717	0.608126307588413	180.029472485602	0.966821946169772	0.467710317460317	0.202610261704196	0.410819229227787
m2	70	Egg	2	2	1e-04	0.433793928505939	0.272541826474415	177.879102015059	0.99384236453202	0.520210317460317	0.205327094626809	0.462204617601959
m3	70	Egg	2	2	0.1	1.56288310779778	0.174646622156108	145.406347079053	0.908982683982684	0.169992063492063	0.133724072103857	0.115278764645516
m4	70	Egg	2	2	0.1	1.36066639968529	0.285480250324255	163.819085034456	0.927472527472528	0.39947619047619	0.166374793866967	0.341979247346813
m5	70	Egg	2	2	0.1	2.20492528481928	0.358773047345159	135.418788329376	0.731675170068027	0.18706746031746	0.151482493450275	0.127941236132696
m6	70	Egg	2	2	0.1	1.49868690070783	0.263430684559934	167.270711662847	0.88802380952381	0.310956349206349	0.151957420476863	0.2494880248422
m7	70	Egg	2	2	1e-04	1.13891718229269	0.654472133730387	145.063375270555	0.916017316017316	0.299075396825397	0.146708946958917	0.234971223258612
m1	71	Egg	2	2	0.1	1.28446378796457	0.356726806292246	205.85020677346	0.907238095238095	0.439210317460317	0.185655065035829	0.381580481329886
m2	71	Egg	2	2	0.1	1.22459725021548	0.280907601474663	166.933034486492	0.898385331143952	0.472373015873016	0.209753917963577	0.413292718029029
m3	71	Egg	2	2	0.1	1.82142639024261	0.314282778182374	115.019359329301	0.840584415584416	0.14331746031746	0.133397137955196	0.0954177558532068
m4	71	Egg	2	2	0.1	1.52796470058746	0.353763665997911	137.364262513897	0.844708994708995	0.355880952380952	0.161781944074597	0.298892001658234
m5	71	Egg	2	2	0.1	2.10949095144922	0.315717071313871	105.105003438523	0.761734693877551	0.143047619047619	0.132260647114529	0.0896198685044293
m6	71	Egg	2	2	0.1	1.50630876933173	0.367148803525118	143.955936304142	0.85467032967033	0.345563492063492	0.16971539493142	0.28735042088044
m7	71	Egg	2	2	0.1	1.53474356599887	0.338773809575907	129.002432594727	0.829166666666667	0.384251082251082	0.17234722046197	0.318660777322425
m1	72	Egg	2	2	1e-04	0.950664721692329	0.47245144751928	165.746216007996	0.973611111111111	0.480152236652237	0.157063157497977	0.417250724843356
m2	72	Egg	2	2	1e-04	0.490660147737114	0.261965670327222	177.879102015059	0.991061980347695	0.491059523809524	0.201911695823276	0.436230425980288
m3	72	Egg	2	2	1e-04	1.58497297573109	0.451145362418958	145.406347079053	0.912634408602151	0.22622619047619	0.133667920995245	0.162626429246865
m4	72	Egg	2	2	0.1	1.16120510785199	0.246434438090467	165.844737124592	0.960576923076923	0.416611111111111	0.185683706948645	0.356897286498961
m5	72	Egg	2	2	0.1	1.89121697535563	0.175050824861192	109.675459274277	0.805082417582418	0.202202380952381	0.143506613539924	0.144121333395237
m6	72	Egg	2	2	0.1	1.50452100925424	0.272638207185435	151.689203037416	0.873015873015873	0.312003968253968	0.140971043481216	0.243841865012037
m7	72	Egg	2	2	1e-04	1.18014290591641	0.597040395888851	117.973274305476	0.923809523809524	0.31615873015873	0.150394599959929	0.25479407682706
m1	73	Egg	2	2	0.1	1.53783288893477	0.3773926839775	198.836110020691	0.841921768707483	0.365420634920635	0.199530130766181	0.309508358777775
m2	73	Egg	2	2	0.1	1.35414115417033	0.333124562605898	167.638170088836	0.874278499278499	0.400587301587302	0.198735775765686	0.341782057696107
m3	73	Egg	2	2	0.1	1.71845365794581	0.185866119091947	125.27772698533	0.825119047619048	0.16402380952381	0.133063502238539	0.105834080700811
m4	73	Egg	2	2	0.1	1.77276634042853	0.304746062456399	169.364262539246	0.814606227106227	0.297797619047619	0.146496619954811	0.235493659865844
m5	73	Egg	2	2	0.1	2.6023465481606	0.304289716851812	139.081222805419	0.625347222222222	0.126305555555556	0.113518749364326	0.0713919917354506
m6	73	Egg	2	2	0.1	2.05110882133182	0.399770933439976	147.775021339945	0.694768170426065	0.284376984126984	0.156898580336816	0.216706193876489
m7	73	Egg	2	2	0.1	1.73860498579615	0.363545161765911	120.779045602579	0.775879917184265	0.31540873015873	0.17456332403945	0.252216259583939
m1	74	Egg	2	2	0.1	1.28365370351825	0.430743203065674	220.738333531946	0.937018140589569	0.349612193362193	0.179627407930922	0.293453810093031
m2	74	Egg	2	2	0.1	1.38226667594546	0.263346100435427	180.174376995926	0.890015360983103	0.439722222222222	0.176622490382352	0.373387470753889
m3	74	Egg	2	2	0.1	1.73464790198064	0.1571933052064	125.27772698533	0.864855072463768	0.158480158730159	0.125662687709917	0.103321617205921
m4	74	Egg	2	2	0.1	1.34369299787255	0.192866711832915	163.819085031769	0.928571428571429	0.352539682539683	0.162965588532912	0.295445585015912
m5	74	Egg	2	2	0.1	2.28243589985894	0.40193954852107	135.418788329376	0.717032967032967	0.161452380952381	0.13262447879294	0.109015692238947
m6	74	Egg	2	2	0.1	1.88537734543063	0.465511119532945	168.873749122499	0.751556776556777	0.317198412698413	0.159615757615513	0.253431445719899
m7	74	Egg	2	2	0.1	1.83982130744764	0.259222828738488	132.959960601869	0.756164965986395	0.300734126984127	0.137701980592236	0.241659613929518
m1	75	Egg	2	2	0.1	1.4132852885897	0.398931458254881	166.59167377434	0.839795918367347	0.375257936507936	0.179019012007315	0.315565427123305
m2	75	Egg	2	2	0.1	1.31156186757116	0.249973300742546	150.895431054777	0.903316326530612	0.44881746031746	0.186831903874844	0.392821318975754
m3	75	Egg	2	2	0.1	1.67040806628293	0.289734029713744	110.436958048481	0.864544513457557	0.185785714285714	0.132740611719124	0.129368947958351
m4	75	Egg	2	2	0.1	1.51586675005762	0.337536896385418	180.769961037586	0.874857142857143	0.382837301587302	0.17166674778776	0.32716604409104
m5	75	Egg	2	2	0.1	2.18880807967255	0.360265939658036	113.096811806869	0.723571428571429	0.160968253968254	0.105656477026398	0.103091590998172
m6	75	Egg	2	2	0.1	1.99082456397576	0.342455165292186	153.245374488851	0.747476190476191	0.28534126984127	0.142963355711243	0.221999221896374
m7	75	Egg	2	2	0.1	1.69927383715806	0.373331773832865	119.038844309746	0.797123015873016	0.306607142857143	0.171102857148661	0.248255007210594
m1	76	Egg	2	2	0.1	1.35568430580457	0.320548424183038	169.588214664207	0.873727422003284	0.381242063492063	0.162805594112362	0.315666013357869
m2	76	Egg	2	2	0.1	1.27040189403207	0.193701707136328	153.364262507053	0.88015873015873	0.423257936507937	0.185376154667865	0.361237721127158
m3	76	Egg	2	2	0.1	1.98571031081371	0.26995180501471	115.019359917907	0.775062656641604	0.147563492063492	0.108738819027137	0.0947602057022587
m4	76	Egg	2	2	0.1	1.39869748297475	0.320526067861509	181.386616118247	0.878392857142857	0.351892857142857	0.176671396792542	0.290973997335802
m5	76	Egg	2	2	0.1	1.87441029581205	0.238023998803778	111.350997914889	0.805311355311355	0.193988095238095	0.137540146920855	0.133745049463188
m6	76	Egg	2	2	0.1	1.58388422465565	0.239757290970176	153.304723541753	0.839115646258503	0.305900793650794	0.156316552844428	0.246666289743183
m7	76	Egg	2	2	0.1	1.61100556839997	0.228477843737413	146.248184817761	0.812159863945578	0.315511904761905	0.170029146600246	0.258710143079112
m1	77	Egg	2	2	0.1	1.3550107441584	0.322841728595614	179.015591004743	0.852380952380952	0.437698412698413	0.198208039390484	0.379810048580812
m2	77	Egg	2	2	0.1	1.25628316942527	0.284769679824409	150.895431054777	0.895523809523809	0.432777777777778	0.197973893482299	0.374049771314649
m3	77	Egg	2	2	0.1	1.72933040695031	0.240066232785617	110.015332064976	0.855047619047619	0.179551587301587	0.15050266489612	0.126533060392563
m4	77	Egg	2	2	0.1	1.39156347920571	0.248411320080479	182.203777919171	0.880224867724868	0.35415873015873	0.172962013907712	0.301146700773684
m5	77	Egg	2	2	0.1	2.31550319354371	0.299338922921703	138.294223963585	0.704978354978355	0.143876984126984	0.127208048909586	0.095549455701009
m6	77	Egg	2	2	0.1	1.71369420480488	0.356961362432478	142.909440015919	0.791626984126984	0.328376984126984	0.17188012547361	0.266525068840836
m7	77	Egg	2	2	0.1	1.74133170405891	0.288941702769222	118.686052972705	0.821428571428571	0.28056746031746	0.160345619936357	0.222913560094539
m1	78	Egg	2	2	0.1	1.17974667419532	0.292674474368935	187.517758797275	0.893064182194617	0.486301587301587	0.180364551779207	0.427013211000214
m2	78	Egg	2	2	0.1	1.29149300442068	0.336289431913352	150.888610869283	0.899484126984127	0.449301587301587	0.21115587708189	0.397080715105218
m3	78	Egg	2	2	0.1	1.76041566432692	0.221457500588969	110.015331175065	0.82985347985348	0.171769841269841	0.126728865261614	0.115634267485262
m4	78	Egg	2	2	0.1	1.26080366483728	0.280788723992795	180.507813377633	0.905591630591631	0.463789682539683	0.186051240296033	0.41340857996951
m5	78	Egg	2	2	0.1	1.76726417078869	0.232655036509392	114.20374692387	0.796853741496599	0.23681746031746	0.169477766503407	0.178748859398076
m6	78	Egg	2	2	0.1	1.23924906798401	0.293828811139921	152.537644190405	0.870598845598846	0.46127380952381	0.177247987110356	0.405755345977037
m7	78	Egg	2	2	0.1	1.79545562338133	0.382849035694834	160.278791238379	0.785204081632653	0.306630952380952	0.161200121913387	0.240708916266465
m1	79	Egg	2	2	0	0.228500942162334	0.0995939207350086	155.450091641353	0.982638888888889	0.6025	0.18713156767209	0.548659261449638
m2	79	Egg	2	2	0	0.195771238491114	0.105599830317265	161.363951692102	0.987714285714286	0.582003968253968	0.202692422821471	0.527533430097149
m3	79	Egg	2	2	0	0.898257137359918	0.209431283521728	128.255172090288	0.920337301587302	0.307369047619048	0.14814628270273	0.240690883673771
m4	79	Egg	2	2	0	0.205385265068434	0.0846349556172261	160.09460817995	0.983482142857143	0.598277777777778	0.217596669508628	0.549994218691609
m5	79	Egg	2	2	0	0.801850083042828	0.204356880603978	104.534269183659	0.929714285714286	0.316910173160173	0.169570891263962	0.249613931323632
m6	79	Egg	2	2	0	0.604360946691664	0.138901474970124	133.836025690465	0.962840136054422	0.410027777777778	0.16738548022994	0.342873781681761
m7	79	Egg	2	2	0	0.891932170911404	0.141630222592581	104.603909437652	0.926700680272109	0.337361111111111	0.143711474757226	0.277705503425663
m1	80	Egg	2	2	0.1	1.27565845638144	0.221831047214887	192.022480634933	0.943298059964727	0.389107142857143	0.17927292046383	0.32232969482133
m2	80	Egg	2	2	1e-04	1.11494164634291	0.724986215345203	139.090354959698	0.95531462585034	0.444186507936508	0.172651506340694	0.380784885506604
m3	80	Egg	2	2	0.1	1.86702519094902	0.186341600603598	135.15146021015	0.850649350649351	0.139555555555556	0.127037437703195	0.0847265813955604
m4	80	Egg	2	2	0.1	1.59677566042181	0.292796399359975	183.025363931662	0.86172619047619	0.344309523809524	0.175517933495797	0.288471309061199
m5	80	Egg	2	2	0.1	2.17726974480076	0.357827274558873	111.003819268699	0.725127551020408	0.180047619047619	0.13003348365786	0.117981608577351
m6	80	Egg	2	2	0.1	1.55696443019172	0.290440262542331	144.172372770369	0.866241496598639	0.333083333333333	0.138945883253117	0.27134314214749
m7	80	Egg	2	2	1e-04	1.22088838423857	0.712813892695694	117.639556732699	0.928448275862069	0.335265873015873	0.163163513340633	0.274835421494249
m1	81	Egg	2	2	0.1	1.80774014056743	0.477006511137848	185.364262521951	0.775396825396825	0.31090873015873	0.175847370547534	0.249212966201907
m2	81	Egg	2	2	0.1	1.71493075582866	0.579488458883907	154.410758810829	0.8003663003663	0.404730158730159	0.188838219403521	0.34394479450455
m3	81	Egg	2	2	0.1	1.81133823702907	0.194123868897604	133.97845758758	0.821376811594203	0.126222222222222	0.120499955090668	0.0779796126477543
m4	81	Egg	2	2	0.1	1.80377468168771	0.345850969299075	157.183347560243	0.771428571428571	0.306544733044733	0.169415460995417	0.250047953122329
m5	81	Egg	2	2	0.1	2.51067274818477	0.327851770225361	118.641989239614	0.616450216450216	0.145480158730159	0.11516716800745	0.0852436068196538
m6	81	Egg	2	2	0.1	2.14765369426724	0.387289479888838	147.775021339945	0.676303854875283	0.25525	0.152398622017719	0.195907820228599
m7	81	Egg	2	2	0.1	1.88674145464763	0.268781190559383	147.718555280106	0.734340659340659	0.277964285714286	0.161671387610374	0.21832493291064
m1	82	Egg	2	2	0.1	1.21504078890567	0.245818950185848	153.556710472348	0.94047619047619	0.407003968253968	0.158958533553072	0.342789404196336
m2	82	Egg	2	2	0.1	1.27981414054973	0.269342041778544	167.977688792098	0.932101806239737	0.442916666666667	0.16708916701402	0.381028198455191
m3	82	Egg	2	2	0.1	1.91544748468291	0.219132173202706	101.986127765373	0.828659611992945	0.136694444444444	0.121177652966903	0.0840474099364169
m4	82	Egg	2	2	0.1	1.47490031415008	0.475602918715369	124.136851242028	0.860019841269841	0.394039682539683	0.204008083750542	0.336065503356411
m5	82	Egg	2	2	0.1	2.017974096146	0.292809605784418	110.865416167982	0.798474702380952	0.170670634920635	0.127572416939202	0.108568589271352
m6	82	Egg	2	2	0.1	1.45924072864205	0.193745780426149	142.909439999999	0.905510204081633	0.335373015873016	0.143224924517101	0.26696893603289
m7	82	Egg	2	2	1e-04	1.08500416308556	0.538827999580141	145.063375270555	0.934090909090909	0.312785714285714	0.168414589800843	0.253565100515786
m1	83	Egg	2	2	0.1	1.12227021469145	0.241565447674692	153.627135597255	0.949404761904762	0.416623015873016	0.181278686203274	0.357869662681901
m2	83	Egg	2	2	0.1	1.34726691919867	0.242682531383442	153.722145559745	0.898853615520282	0.419607142857143	0.173194143864803	0.358222019776896
m3	83	Egg	2	2	0.1	1.83236717868968	0.168540128547472	112.256771969495	0.858730158730159	0.149003968253968	0.136908444820139	0.0974237476506733
m4	83	Egg	2	2	0.1	1.26370624670269	0.258986045036187	141.504754261457	0.915674603174603	0.439468253968254	0.214004162000343	0.384107163688044
m5	83	Egg	2	2	0.1	1.8275858516492	0.282965749728602	112.108323562577	0.812724867724868	0.212190476190476	0.154455117870136	0.153243024363065
m6	83	Egg	2	2	0.1	1.42133942785777	0.289487603031177	152.654677730068	0.893369708994709	0.301766955266955	0.152504736554586	0.235413074903201
m7	83	Egg	2	2	0.1	1.55380823670319	0.256233155115357	119.732549356636	0.848384353741497	0.33409126984127	0.164636554203986	0.266321122247053
m1	84	Egg	2	2	0.1	1.04587883527831	0.362189681262844	163.81908503066	0.944003527336861	0.456031746031746	0.196322054386105	0.397054046711305
m2	84	Egg	2	2	0.1	1.12609475940629	0.273275740938824	149.840846169706	0.934963151927438	0.467480158730159	0.205408714194841	0.407828089390561
m3	84	Egg	2	2	0.1	1.72314256634195	0.260472856281594	110.015332064976	0.846633825944171	0.167206349206349	0.124456062456469	0.114398367050107
m4	84	Egg	2	2	0.1	1.25025504495805	0.274980699778094	163.864689655428	0.922366522366522	0.492472222222222	0.214383046195749	0.440997866420314
m5	84	Egg	2	2	0.1	1.99875468476747	0.266660647341263	134.866258263987	0.804545454545455	0.162031746031746	0.118520691053234	0.112785548473289
m6	84	Egg	2	2	0.1	1.33146140723233	0.240076162745255	143.106658558991	0.928535353535354	0.341698412698413	0.153454792206967	0.280776498882601
m7	84	Egg	2	2	1e-04	1.32079815735832	0.595538991370657	117.639556737342	0.917496392496392	0.307186507936508	0.15387158855056	0.246620384395917
m1	85	Egg	2	2	0.1	1.20087808566043	0.256508920621851	169.364262524659	0.898979591836735	0.39284126984127	0.205675669367918	0.332116435002558
m2	85	Egg	2	2	0.1	1.30873577714576	0.325459087871782	153.67553396372	0.88507326007326	0.418500721500721	0.193778462451019	0.36176683583546
m3	85	Egg	2	2	0.1	1.86835926857685	0.281618477795468	115.019359917907	0.7995670995671	0.154	0.138294758459022	0.103046353434705
m4	85	Egg	2	2	0.1	1.42620844173668	0.304715790424115	181.386616118247	0.91025641025641	0.361781746031746	0.190155493139471	0.304316236790547
m5	85	Egg	2	2	0.1	1.83491566975045	0.236657225461309	111.350997914889	0.810599078341014	0.194730158730159	0.144807931792695	0.130320747396285
m6	85	Egg	2	2	0.1	1.4747734268277	0.331096713888216	153.304723541753	0.860793650793651	0.340632756132756	0.174669921382819	0.277860290873304
m7	85	Egg	2	2	0.1	1.55980374908841	0.210699356728936	146.248184817761	0.857389162561576	0.300714285714286	0.16116158258683	0.239447191939951
m1	86	Egg	2	2	0.1	1.24428442028067	0.291658427836094	196.05576432445	0.909479717813051	0.381956349206349	0.172967384231903	0.321422890332939
m2	86	Egg	2	2	0.1	1.11954323357411	0.249508166677511	165.893334086716	0.929960317460317	0.464769841269841	0.204909286913368	0.405652006503527
m3	86	Egg	2	2	0.1	1.79500252700256	0.297898325683019	115.019359329301	0.821510673234811	0.149396825396825	0.127773489033813	0.0959144412910751
m4	86	Egg	2	2	0.1	1.39909393602026	0.337962898410036	180.473522082815	0.907761904761905	0.342396825396825	0.175113879894021	0.281035481848696
m5	86	Egg	2	2	0.1	1.96180441387076	0.260995289665815	113.525791456019	0.780540293040293	0.182893217893218	0.134580591993068	0.128326911337664
m6	86	Egg	2	2	0.1	1.47320240643606	0.295037419845029	158.440350440477	0.875	0.327083333333333	0.165888189085255	0.269373801359497
m7	86	Egg	2	2	0.1	1.53181813545929	0.299994400768727	129.682028717489	0.871215986394558	0.32243253968254	0.172650595004527	0.263698546171038
m1	87	Egg	2	2	0	0.294270164746937	0.401737149097836	149.740833266115	0.985367063492063	0.550350288600289	0.224212073893542	0.494323838155962
m2	87	Egg	2	2	1e-04	0.858738856996765	0.670297975789671	149.867319602145	0.959183673469388	0.50418253968254	0.226736164315184	0.450347854359385
m3	87	Egg	2	2	1e-04	1.23622391350419	0.420885651947653	109.277726841457	0.889732142857143	0.264849206349206	0.136861240476945	0.202633053707909
m4	87	Egg	2	2	0	0.231126537906573	0.147077448742491	133.824085065299	0.989901477832512	0.583702380952381	0.230980033071121	0.537757344466596
m5	87	Egg	2	2	0	0.890518620033047	0.226705622502271	104.534269183659	0.934472049689441	0.297595238095238	0.170589758594241	0.240692079019199
m6	87	Egg	2	2	1e-04	0.983031962960075	0.596026702515621	127.098039661692	0.955285714285714	0.403853174603175	0.181988010074126	0.34614148801811
m7	87	Egg	2	2	1e-04	1.43778727244983	0.663402955367917	118.547610074036	0.885034013605442	0.311166666666667	0.191447348371597	0.256965747097783
m1	88	Egg	2	2	0.1	0.842174152110249	0.214918337281094	186.950015013696	0.981666666666667	0.511269841269841	0.197084297674471	0.457312630486616
m2	88	Egg	2	2	0.1	1.00399466052648	0.257453584149135	148.111457440703	0.941111111111111	0.549321428571429	0.18531812804346	0.492504843745309
m3	88	Egg	2	2	0	0.836652598660677	0.182493524908342	128.255172090288	0.942290249433107	0.320420634920635	0.149040950075192	0.256911359441511
m4	88	Egg	2	2	0.1	0.983736814844964	0.305894116321842	161.737106405433	0.962081128747795	0.517742063492064	0.22616198914729	0.46923505539061
m5	88	Egg	2	2	0.1	1.97720042705837	0.352907857037724	112.147506102384	0.80527950310559	0.221515873015873	0.150529328560351	0.172373619588364
m6	88	Egg	2	2	0.1	1.41324161546558	0.358990835661772	142.066088230391	0.887365591397849	0.372924603174603	0.167037834401607	0.312294165864384
m7	88	Egg	2	2	0.1	1.6701978447301	0.24896726751053	118.547610031204	0.848256802721088	0.279373015873016	0.153337031042186	0.223077709824813
m1	89	Egg	2	2	0.1	1.48722476097419	0.376981552802349	169.599010618094	0.840579710144927	0.379301587301587	0.196297331222501	0.317563793426528
m2	89	Egg	2	2	0.1	1.48331544069873	0.372966762818685	154.730319623127	0.844494047619048	0.373722222222222	0.17909433513531	0.313599239177251
m3	89	Egg	2	2	0.1	1.80051819470797	0.215185616847839	115.019359917907	0.794380952380952	0.135027777777778	0.121217844177495	0.0819086312816589
m4	89	Egg	2	2	0.1	1.66844665832975	0.333893895652157	167.752033434865	0.848122710622711	0.370063492063492	0.158832642080405	0.312479978632622
m5	89	Egg	2	2	0.1	2.27131694446748	0.446160415508535	138.519383023139	0.710034013605442	0.124980158730159	0.125729967545833	0.0730576355639483
m6	89	Egg	2	2	0.1	1.93628564327846	0.376409079377166	146.728525024152	0.732717569786535	0.278535714285714	0.164940345339643	0.214317737567854
m7	89	Egg	2	2	0.1	1.94895448399992	0.34106807179217	120.779045602579	0.705639097744361	0.291281746031746	0.14386470898866	0.22844214870564
m1	90	Egg	2	2	0.1	1.15083455124117	0.342337084168801	153.577454691609	0.925541125541126	0.408619047619048	0.164553890186777	0.343847947792394
m2	90	Egg	2	2	0.1	1.25740503467399	0.277725819504211	153.675533950962	0.896346469622332	0.457035714285714	0.182047386143464	0.397009647022915
m3	90	Egg	2	2	0.1	1.77295385719078	0.233417045717905	115.019359329301	0.823894557823129	0.166666666666667	0.134111780044917	0.111003130949795
m4	90	Egg	2	2	0.1	1.22610182693408	0.290579491222386	137.693600249423	0.921861471861472	0.418080808080808	0.191964669104731	0.36241932584413
m5	90	Egg	2	2	0.1	1.78859572285382	0.303372039466096	111.189550871311	0.858994708994709	0.219460317460317	0.156872374562065	0.163771210018979
m6	90	Egg	2	2	0.1	1.38186782229947	0.237160642736641	130.72852509412	0.908646616541353	0.330071428571429	0.177372147091703	0.262754969540156
m7	90	Egg	2	2	0.1	1.54356848961019	0.219681817507562	146.248184817761	0.850963718820862	0.320063492063492	0.149427276577569	0.262421072073727
m1	91	Egg	2	2	0.1	0.925709683313057	0.239524743594426	147.819085034246	0.951067323481117	0.534099206349206	0.180426006792046	0.477580823176312
m2	91	Egg	2	2	0.1	0.877497118809049	0.17998194203449	148.111457440703	0.959899749373434	0.523845238095238	0.201326599724361	0.471191186523088
m3	91	Egg	2	2	0	0.856554789636734	0.194902809148566	128.255172090288	0.921886446886447	0.341027777777778	0.160655192898218	0.278899169308289
m4	91	Egg	2	2	1e-04	0.578911949683733	0.50389461575456	131.81908503308	0.974458874458874	0.575968253968254	0.20000956188284	0.524878520289593
m5	91	Egg	2	2	0.1	1.65536143477332	0.255115986052813	107.799860943794	0.845907738095238	0.289956349206349	0.161395784225083	0.229241893695737
m6	91	Egg	2	2	1e-04	1.19801701634089	0.763614090601581	126.909439975285	0.923356009070295	0.354480158730159	0.15565871859948	0.292616207503722
m7	91	Egg	2	2	0.1	1.66359736318387	0.270726301532091	118.547610031204	0.837142857142857	0.277563492063492	0.148773304554879	0.219602163956804
m1	92	Egg	2	2	0.1	0.980599165584667	0.224890685566866	165.814268313342	0.950571428571429	0.424575396825397	0.189441981282465	0.362032482902381
m2	92	Egg	2	2	1e-04	0.997865040280293	0.522716911474347	149.926165020723	0.9831569664903	0.497400793650794	0.189317214297068	0.440308357876583
m3	92	Egg	2	2	0	1.18385447669643	0.210307347232399	117.730310478617	0.902380952380952	0.205154761904762	0.132328867091766	0.150685182842187
m4	92	Egg	2	2	0.1	1.25211048665705	0.187367597304159	137.733765406196	0.899886621315193	0.412234126984127	0.170424036184837	0.352214587090381
m5	92	Egg	2	2	0.1	1.76248831563684	0.221559557856893	109.139284060818	0.793956043956044	0.27925	0.150510008238046	0.219251996648953
m6	92	Egg	2	2	0.1	1.40084575854892	0.265530200116982	151.887775196099	0.856168831168831	0.350079365079365	0.175255079744491	0.288515402215519
m7	92	Egg	2	2	0.1	1.47037595961167	0.225664826903949	118.547610059389	0.885930735930736	0.329825396825397	0.166784820346843	0.273594235472456
m1	93	Egg	2	2	1e-04	0.527659167674138	0.38537150527498	149.731057655833	0.981984126984127	0.560662698412698	0.188389879351052	0.507153019621333
m2	93	Egg	2	2	0	0.401152088252268	0.105695257910026	123.347712819939	0.974404761904762	0.468849206349206	0.188640212490155	0.412829723929674
m3	93	Egg	2	2	0	1.13143282102118	0.160783869159359	117.730310478617	0.90344611528822	0.209285714285714	0.145487230807071	0.155534058521796
m4	93	Egg	2	2	1e-04	0.656448917755475	0.587846869003967	133.868492997419	0.975595238095238	0.549	0.219362711184829	0.496046843183188
m5	93	Egg	2	2	0.1	1.58138195727001	0.286105310635012	105.458641711778	0.856089743589744	0.28368759018759	0.145184392485974	0.215276042692456
m6	93	Egg	2	2	0.1	1.0227131359606	0.288403771945467	125.183347588487	0.9246336996337	0.480257936507937	0.198101370106072	0.424365513102986
m7	93	Egg	2	2	0	0.797329324640817	0.215014683614319	104.603932364048	0.924702380952381	0.31206746031746	0.17888764774934	0.246941860090108
m1	94	Egg	2	2	0.1	1.34877919027277	0.268057941119357	183.861297345363	0.874675324675325	0.36527380952381	0.170514464821543	0.305174021114231
m2	94	Egg	2	2	0.1	1.17504565634891	0.246924048478767	153.364262529724	0.913095238095238	0.427396825396825	0.206940221197144	0.36808345325991
m3	94	Egg	2	2	0.1	1.64007362698323	0.190539711203429	125.27772698533	0.885190476190476	0.148206349206349	0.122024214984381	0.0970302050999984
m4	94	Egg	2	2	0.1	1.4216541448729	0.337850701819421	167.63817007196	0.885403726708075	0.325321428571429	0.168943499071474	0.266432803859375
m5	94	Egg	2	2	0.1	2.24911099772247	0.355511365847888	135.844843132127	0.743909592822636	0.174646825396825	0.135759458662902	0.120531148281753
m6	94	Egg	2	2	0.1	1.77023226182727	0.414843931941285	146.048928885293	0.781818181818182	0.301396825396825	0.16187735434677	0.238513948716856
m7	94	Egg	2	2	0.1	1.56770188468966	0.27986026966361	146.248184817761	0.845285714285714	0.294904761904762	0.173045479960284	0.237460183314823
m1	95	Egg	2	2	1e-04	0.669478958518107	0.599911279189112	147.819085047285	0.973452380952381	0.566452380952381	0.204800154554799	0.515758183058853
m2	95	Egg	2	2	0	0.217729770199333	0.0682903195392737	161.363951692102	0.983134920634921	0.569472222222222	0.212059756228681	0.517763377185176
m3	95	Egg	2	2	0	0.890709643403732	0.156948696167104	128.255172090288	0.940857142857143	0.296507936507936	0.162280157452595	0.237937908382452
m4	95	Egg	2	2	1e-04	0.729983035631402	0.609265627039547	131.81908503308	0.967809523809524	0.599436507936508	0.197946045588819	0.548262665170721
m5	95	Egg	2	2	0.1	1.63503320002093	0.357278568339719	131.080284655242	0.881746031746032	0.286543650793651	0.172458829545428	0.230521297060388
m6	95	Egg	2	2	0.1	1.13228682082639	0.268115596066731	126.909440011045	0.930257936507937	0.414555555555556	0.168922466301281	0.353715058452609
m7	95	Egg	2	2	0	0.840963992909262	0.146888143931247	104.603909437652	0.944409937888199	0.314400793650794	0.149771640382485	0.255454671359524
m1	96	Egg	2	2	0.1	0.958438852903799	0.30566533311776	153.364262513	0.903754578754579	0.472755050505051	0.219428665738905	0.419480052924068
m2	96	Egg	2	2	1e-04	0.753976372268121	0.548911653907318	137.65883033015	0.959666666666667	0.491400793650794	0.218946676129772	0.434602572995906
m3	96	Egg	2	2	1e-04	1.70588817357963	0.628755121829512	102.275089419638	0.818452380952381	0.140115079365079	0.121941277908138	0.0952769594149885
m4	96	Egg	2	2	0.1	1.23101244220182	0.310847593970861	126.717742213574	0.892551020408163	0.436261904761905	0.204001665324505	0.38018398679378
m5	96	Egg	2	2	0.1	1.99665417463623	0.250026416658836	105.95573631473	0.781029185867896	0.161083333333333	0.1382949951041	0.110313491928237
m6	96	Egg	2	2	0.1	1.25664637145814	0.249381842780985	130.728525030464	0.887962962962963	0.370277777777778	0.187120534404186	0.307879529061488
m7	96	Egg	2	2	0.1	1.44190455437624	0.280620914897818	114.728525005953	0.833333333333333	0.382416666666667	0.180274146503442	0.316900117696836
m1	97	Egg	2	2	0.1	0.954455130494997	0.302877824962619	176.23054834026	0.960770975056689	0.495785714285714	0.200453587161995	0.438801937731841
m2	97	Egg	2	2	1e-04	0.781907553693178	0.701957933061795	149.840846169706	0.972927689594356	0.524071428571429	0.210608198251541	0.469194898018689
m3	97	Egg	2	2	1e-04	1.6227909201546	0.612383664169616	110.015332064976	0.856162464985994	0.24106746031746	0.120833874622208	0.179143717401874
m4	97	Egg	2	2	0.1	1.27492079656602	0.361924524675708	178.715324294581	0.911428571428571	0.461082251082251	0.192527662581647	0.406894207033897
m5	97	Egg	2	2	0.1	1.95338969650046	0.256559568212838	134.00472034132	0.782371794871795	0.240555555555556	0.142508705170848	0.183598016778122
m6	97	Egg	2	2	0.1	1.24663889134283	0.308269094921225	140.345532719359	0.909906462585034	0.436448412698413	0.172127745241806	0.377575639835013
m7	97	Egg	2	2	1e-04	1.07400284413837	0.557895924163059	117.97327404847	0.925931677018634	0.297178571428571	0.165379379505978	0.235620815851613
m1	98	Egg	2	2	0.1	0.977148270819392	0.187462574333316	162.983604899136	0.956380952380952	0.480822871572872	0.180466232145606	0.425201523448891
m2	98	Egg	2	2	0.1	0.959278629698819	0.23933676714653	177.068031842129	0.956531084656085	0.537837301587302	0.19660383876245	0.480485562956264
m3	98	Egg	2	2	0	0.956269055611278	0.232865843314039	128.255172090288	0.927248677248677	0.306333333333333	0.179882993809475	0.248093085467651
m4	98	Egg	2	2	0.1	1.07760293788274	0.302963532343084	161.737106405433	0.94757326007326	0.499329365079365	0.200073271510874	0.442139214474231
m5	98	Egg	2	2	0.1	2.04836854701789	0.331341669072532	111.911872609448	0.806812169312169	0.179043650793651	0.135342556470777	0.131251944102888
m6	98	Egg	2	2	0.1	1.4148829950396	0.349344770713498	141.862943749054	0.884031198686371	0.338357142857143	0.16546645983104	0.277757907133394
m7	98	Egg	2	2	0.1	1.64385795805801	0.319056155248971	118.547610031204	0.849542124542125	0.3	0.161009952753999	0.242848852872106
m1	99	Egg	2	2	0.1	1.19712534937148	0.325015363478877	166.591673769789	0.897904761904762	0.480011904761905	0.170192045967694	0.420947691917997
m2	99	Egg	2	2	0.1	1.26236672911235	0.252583843202873	151.638170058526	0.857589285714286	0.464123015873016	0.196896258060119	0.40977701140317
m3	99	Egg	2	2	1e-04	1.34410715954419	0.399045374536849	109.277726841457	0.910648148148148	0.26315873015873	0.135883441364505	0.198455648444419
m4	99	Egg	2	2	0.1	1.26629052920862	0.268347437657514	137.68701696357	0.894745484400657	0.460392857142857	0.186925476414445	0.401666137329389
m5	99	Egg	2	2	0.1	2.01066764448136	0.406093951637354	113.422665244641	0.756488095238095	0.204436507936508	0.144602295274247	0.153817198579794
m6	99	Egg	2	2	0.1	1.54040550430939	0.292161521329036	143.955936316	0.841619047619048	0.346829365079365	0.165350557779033	0.283615530920157
m7	99	Egg	2	2	0.1	1.82928415041818	0.324367489489389	120.640602690661	0.781547619047619	0.276424603174603	0.147015010608442	0.223066481124887
m1	100	Egg	2	2	0.1	1.28357298548496	0.206770358089892	167.861644317245	0.890424430641822	0.407301587301587	0.184197254839841	0.343037381305295
m2	100	Egg	2	2	0.1	1.28001660876142	0.35632653521664	153.675533950962	0.88505291005291	0.398019841269841	0.20403404945467	0.337498941156657
m3	100	Egg	2	2	0.1	1.78982881457441	0.222307862590455	115.019359329301	0.815952380952381	0.156103174603175	0.130134296315998	0.0985502047846284
m4	100	Egg	2	2	0.1	1.35352435563948	0.265909168786307	138.757946386181	0.877827380952381	0.3965	0.177374342357074	0.339487053020659
m5	100	Egg	2	2	0.1	2.04179094540194	0.286822409563836	114.143308207796	0.767636684303351	0.166214285714286	0.131426595564823	0.11637049078388
m6	100	Egg	2	2	0.1	1.53078693242926	0.300741685021038	145.002432605289	0.870634920634921	0.33172619047619	0.165449512936871	0.267240469200137
m7	100	Egg	2	2	0.1	1.48858396430648	0.283900702876601	146.248184817761	0.864603174603175	0.318547619047619	0.194976005598538	0.259964937034567
