Model	Iteration	Variable	Subsampled	MinObs	decay	logLoss	logLossSD	AIC	AUC	Accuracy	AccuracySD	Kappa
m1	1	Egg	2	2	0	0.276368523241457	0.132356515548244	93.7940912459312	0.976829268292683	0.56822619047619	0.248855271897679	0.504731598696707
m2	1	Egg	2	2	0	0.237512323956144	0.145270563936717	98.1348724046526	0.981182795698925	0.55452380952381	0.241256194077461	0.487629470138798
m3	1	Egg	2	2	0	1.14156501458996	0.211624384207746	60.4560801407065	0.885521235521236	0.203690476190476	0.168053521797119	0.126401114009624
m4	1	Egg	2	2	0	0.246935459903008	0.12825606591884	98.7322029977517	0.980487804878049	0.570964285714286	0.252011701289803	0.507799170997855
m5	1	Egg	2	2	0	0.872192106395124	0.212633496955543	66.8961916833635	0.891919191919192	0.304095238095238	0.197903554538948	0.219488364507438
m6	1	Egg	2	2	0	0.517101040170854	0.17530622113685	71.2312317061533	0.949425287356322	0.447357142857143	0.210678280975101	0.370594336567248
m7	1	Egg	2	2	0	0.558388933662392	0.185366385041285	90.6642200269681	0.952252252252252	0.404095238095238	0.216878673583658	0.329481001712014
m1	2	Egg	2	2	0	0.233643209907798	0.123912589360294	93.7940912459312	0.985960591133005	0.574107142857143	0.224572156534797	0.500109102778781
m2	2	Egg	2	2	0	0.275751341370564	0.14803252777469	98.1348724046526	0.972413793103448	0.526904761904762	0.228619523559561	0.451282310738338
m3	2	Egg	2	2	0	1.19288010321735	0.158293990856821	60.4560801407065	0.89040404040404	0.169547619047619	0.148950263412673	0.10209797652686
m4	2	Egg	2	2	0	0.271602452490109	0.117383352943769	98.7322029977517	0.971303258145363	0.573666666666667	0.220118578389441	0.498486054891939
m5	2	Egg	2	2	0	0.882458186655411	0.200433695339301	66.8961916833635	0.901937984496124	0.311047619047619	0.202033490595726	0.23870623913689
m6	2	Egg	2	2	0	0.563257661338009	0.151373690240292	85.6867534981474	0.949583333333333	0.422190476190476	0.203054189606416	0.334275871546835
m7	2	Egg	2	2	0	0.474147286735334	0.144871385276053	90.6642200269681	0.950925925925926	0.46552380952381	0.210879746061206	0.384098921693742
m1	3	Egg	2	2	0	0.12230449948408	0.433268934104141	113.67446493578	1	0.703595238095238	0.257699745926972	0.65677429291139
m2	3	Egg	2	2	0	4.11463007943306e-06	4.23441328689437e-06	106.281362427275	1	0.712928571428571	0.276982629194196	0.666773475848019
m3	3	Egg	2	2	0	1.11329866584552	0.20438228436065	60.4560801407065	0.884730848861284	0.220559523809524	0.181830753283118	0.136505366905879
m4	3	Egg	2	2	1e-04	0.465026129155411	0.517143317712117	84.2574606650717	1	0.585202380952381	0.273362940441387	0.521222640093967
m5	3	Egg	2	2	0.1	1.29868522507169	0.171183662649056	76.0943792035406	0.874285714285714	0.316166666666667	0.178571362834684	0.225374456943482
m6	3	Egg	2	2	1e-04	0.62276851383965	0.673443685452097	87.8190850378868	0.962380952380952	0.626928571428571	0.245008273629507	0.566039636621007
m7	3	Egg	2	2	0	0.227064019463761	0.141291209366135	99.0417436836561	0.986652236652237	0.546345238095238	0.25622303860243	0.477754677338985
m1	4	Egg	2	2	0	0.0947253589267968	0.262140621793042	114.235416765046	1	0.677928571428571	0.277264596048765	0.632992396151539
m2	4	Egg	2	2	0	0.269698502841583	0.140751862243739	77.7878015499401	0.968965517241379	0.550583333333333	0.230842300754502	0.48067850163296
m3	4	Egg	2	2	0	1.0790010400649	0.129814583708073	60.4560801407065	0.878014184397163	0.22247619047619	0.174020844475097	0.14745546550088
m4	4	Egg	2	2	1e-04	0.608594833104263	0.595323324734671	84.2574606650717	1	0.577698412698413	0.226663724393228	0.512970814653295
m5	4	Egg	2	2	0.1	1.33684295052227	0.210077548240378	76.0943792088168	0.85752688172043	0.297809523809524	0.185641714462457	0.216167039958216
m6	4	Egg	2	2	1e-04	0.661493400862107	0.691961532941411	87.9996690388125	0.975	0.650821428571429	0.243850164434531	0.594337648946197
m7	4	Egg	2	2	0	0.56581060341664	0.14910392889691	90.6642200269681	0.939583333333333	0.449107142857143	0.189538968212744	0.364123913379835
m1	5	Egg	2	2	0.1	0.819633692018598	0.274163703682288	87.8190850463524	0.9296875	0.505619047619048	0.208655257357035	0.432299848906925
m2	5	Egg	2	2	0	0.217651287326812	0.152452615795916	98.1348724046526	0.9796918767507	0.56647619047619	0.247567862027554	0.499031754725534
m3	5	Egg	2	2	0	1.10828120906529	0.166135590341543	60.4560801407065	0.847741147741148	0.220571428571429	0.149089835076094	0.119788372350535
m4	5	Egg	2	2	0.1	1.05436842452801	0.214865248162001	75.819085034997	0.928240740740741	0.505476190476191	0.24259823130042	0.431151584222146
m5	5	Egg	2	2	0.1	1.59356393422054	0.303831991593355	68.9991970470543	0.794047619047619	0.218547619047619	0.178983265672972	0.145341135922201
m6	5	Egg	2	2	1e-04	0.789701201505577	0.660131756353932	81.3642625123125	0.952777777777778	0.424047619047619	0.183955080972672	0.341064862076129
m7	5	Egg	2	2	0	0.561459459885088	0.174972824945327	90.6642200269681	0.96036036036036	0.437059523809524	0.19996611630047	0.363461092842983
m1	6	Egg	2	2	1e-04	0.664232010749493	0.749001442965423	104.909639759228	0.945833333333333	0.554888888888889	0.251606399767957	0.484081701860718
m2	6	Egg	2	2	0	0.29060939080402	0.142236350580476	98.1348724046526	0.956547619047619	0.524904761904762	0.234042325780536	0.45251608890745
m3	6	Egg	2	2	0	1.13693108052065	0.165886491537643	60.4560801407065	0.890243902439024	0.185	0.152633831477075	0.112910431303721
m4	6	Egg	2	2	1e-04	0.794835452697559	0.825346414374612	75.819085034997	0.953846153846154	0.571011904761905	0.247120454329429	0.502550447255974
m5	6	Egg	2	2	0.1	1.66467088743582	0.284880958268617	84.7441617171669	0.770940170940171	0.238404761904762	0.182043888770777	0.165696226593105
m6	6	Egg	2	2	0.1	1.12019101129307	0.299903191804473	81.3642625123125	0.91412037037037	0.413936507936508	0.18084372133123	0.33397475469351
m7	6	Egg	2	2	0	0.571105332254905	0.170567160778761	90.6642200269681	0.949591836734694	0.432333333333333	0.208578239888254	0.351044229419978
m1	7	Egg	2	2	1e-04	0.664566903147006	0.781259603143799	87.8190850463524	0.955405405405405	0.565928571428571	0.23463074548952	0.488273379784552
m2	7	Egg	2	2	0	0.298508840209149	0.131124312994699	77.7878015499401	0.978282828282828	0.551964285714286	0.218066978470694	0.481475140920014
m3	7	Egg	2	2	0	1.15261893333735	0.164916237522813	60.4560801407065	0.851190476190476	0.192535714285714	0.143493537512861	0.115869941515106
m4	7	Egg	2	2	1e-04	0.851891545833451	0.7549357493697	75.819085034997	0.958210180623974	0.547801587301587	0.22145691114606	0.480033859751775
m5	7	Egg	2	2	0.1	1.59453866475225	0.289132588192745	84.7441617171669	0.790990990990991	0.256738095238095	0.174909234248461	0.176899661812205
m6	7	Egg	2	2	1e-04	0.672867576217883	0.459210610117456	97.0489964588078	0.953479853479853	0.432666666666667	0.221487480979205	0.359786232838086
m7	7	Egg	2	2	0	0.552614819827857	0.195638844350655	90.6642200269681	0.953333333333333	0.419345238095238	0.182101187281561	0.339547722245916
m1	8	Egg	2	2	0	0.268328090145076	0.166634504011696	92.8017252386832	0.963235294117647	0.538468253968254	0.254873138811641	0.461052926510959
m2	8	Egg	2	2	0	0.280565449128436	0.135034857400844	98.1348724046526	0.964529914529915	0.567071428571429	0.250493695858696	0.4968729248072
m3	8	Egg	2	2	0	1.09693222133446	0.190577161642784	60.4560801407065	0.870731707317073	0.192690476190476	0.159186305258796	0.106681105422554
m4	8	Egg	2	2	0	0.25878126973661	0.128804484299282	97.8177393553439	0.971264367816092	0.521166666666667	0.253801779628757	0.456536240195115
m5	8	Egg	2	2	0	0.484012169641661	0.201521496981575	92.2214016671296	0.94952380952381	0.426428571428571	0.221346061887549	0.339330899500943
m6	8	Egg	2	2	0	0.199597806389675	0.164426947626001	95.161143865	0.982905982905983	0.622261904761905	0.240974028566322	0.552911433513663
m7	8	Egg	2	2	0	0.533131494396	0.166645172573456	90.6642200269681	0.944583333333333	0.484428571428571	0.1894499984375	0.402305883454404
m1	9	Egg	2	2	0.1	1.20236582044478	0.323914923953421	110.960868135894	0.899047619047619	0.449571428571429	0.178451741194924	0.368884019890178
m2	9	Egg	2	2	0.1	1.00751129905167	0.237851023193125	109.568436444904	0.942142857142857	0.498821428571429	0.25300488590329	0.429621924779846
m3	9	Egg	2	2	0	1.08913080641083	0.18405986273078	60.4560801407065	0.894980694980695	0.220952380952381	0.169215039479683	0.146652258213952
m4	9	Egg	2	2	0.1	1.55150766939329	0.362448111977237	89.8204300075324	0.813888888888889	0.365531746031746	0.208510811963617	0.282974076874534
m5	9	Egg	2	2	0.1	2.07987168476033	0.352094473809768	99.3745296796757	0.651041666666667	0.16925	0.151665008735029	0.0965759069845892
m6	9	Egg	2	2	0.1	1.412485973162	0.35356103658969	102.591673796152	0.831111111111111	0.395333333333333	0.203698121522935	0.317315163522725
m7	9	Egg	2	2	0.1	1.19373294650106	0.286114397696513	81.3642625039575	0.892857142857143	0.414857142857143	0.214082026007989	0.343831701838823
m1	10	Egg	2	2	0.1	0.79543611046943	0.264935817038787	87.8190850463524	0.967948717948718	0.557833333333333	0.219457470211928	0.492827654676264
m2	10	Egg	2	2	0	0.264023538472328	0.149153447107809	98.1348724046526	0.970289855072464	0.59697619047619	0.254285990140241	0.528551377137041
m3	10	Egg	2	2	0	1.13675513882455	0.189595614416017	60.4560801407065	0.891666666666667	0.16418253968254	0.167456143988261	0.0969880700131836
m4	10	Egg	2	2	1e-04	0.998286704095777	0.97962821233402	75.819085034997	0.946236559139785	0.543666666666667	0.233766131776295	0.473710837204958
m5	10	Egg	2	2	0.1	1.61396967685449	0.287170874310778	68.9992865650895	0.78030303030303	0.263630952380952	0.175142432294548	0.191638810388778
m6	10	Egg	2	2	0.1	1.03367156402868	0.214780558820691	81.3642625123125	0.942142857142857	0.413952380952381	0.197285984158959	0.341615937092144
m7	10	Egg	2	2	0	0.526272546693186	0.160323936680683	90.6642200269681	0.943589743589744	0.458321428571429	0.210793350281323	0.377028538440021
m1	11	Egg	2	2	0.1	0.946008328592868	0.299379384786451	117.089594623633	0.957017543859649	0.479880952380952	0.222266635172242	0.405341748671791
m2	11	Egg	2	2	0	0.270429050550513	0.165434912620588	77.7878015499401	0.962613981762918	0.620785714285714	0.247803020928594	0.546533682172303
m3	11	Egg	2	2	0	1.24132166323512	0.184531739922122	60.4560801407065	0.884467120181406	0.190690476190476	0.172198479221983	0.118836298308867
m4	11	Egg	2	2	0.1	1.12397508429352	0.270243670140173	88.082379147922	0.914425770308123	0.51202380952381	0.238561442321999	0.43285280086952
m5	11	Egg	2	2	0.1	1.68631053033351	0.326654486474526	96.4409187819741	0.800490196078431	0.246809523809524	0.17885234277675	0.174783065395596
m6	11	Egg	2	2	0.1	1.08143270010723	0.321734710282392	91.8155001011868	0.897979797979798	0.433416666666667	0.215796492397174	0.357420086317852
m7	11	Egg	2	2	0	0.52331752946834	0.159535210248879	90.6642200269681	0.963029100529101	0.45577380952381	0.215806981494208	0.38018015813149
m1	12	Egg	2	2	1e-04	0.654620492053737	0.857848787090949	104.909639759228	0.965447154471545	0.588119047619048	0.248307331198192	0.522490612265552
m2	12	Egg	2	2	0	0.247793493552756	0.139419753513986	98.1348724046526	0.981981981981982	0.567797619047619	0.235916764025129	0.497201215398802
m3	12	Egg	2	2	0	1.1654004561254	0.182610699154616	60.4560801407065	0.893229166666667	0.18447619047619	0.155913861275076	0.10777669989597
m4	12	Egg	2	2	1e-04	1.01854628948727	0.813563402237593	75.819085034997	0.948326898326898	0.514	0.258527634330893	0.444356919913681
m5	12	Egg	2	2	0.1	1.66527643767519	0.348697737860305	84.7441617171669	0.794298245614035	0.251083333333333	0.166615904366729	0.177357975336668
m6	12	Egg	2	2	0.1	1.04109024353145	0.241881839409431	81.3642625123125	0.927350427350427	0.440007936507937	0.198576903192683	0.362948308271789
m7	12	Egg	2	2	0	0.549549832296634	0.16021048414561	90.6642200269681	0.956666666666667	0.424369047619048	0.185016561507398	0.344500064284041
m1	13	Egg	2	2	0	0.368802684940903	0.36868878597873	89.7075713344608	0.974537037037037	0.562261904761905	0.237467998955555	0.490132189647605
m2	13	Egg	2	2	0	0.310640697831775	0.14037948160485	98.1348724046526	0.985416666666667	0.509119047619048	0.267425590039758	0.437957694510101
m3	13	Egg	2	2	0	1.14933455302659	0.215347682704727	60.4560801407065	0.889748677248677	0.223571428571429	0.180740474261209	0.147238361982019
m4	13	Egg	2	2	1e-04	0.781754327500696	0.505031508561815	89.7884972901375	0.984803921568627	0.469916666666667	0.220487836964111	0.400095275363628
m5	13	Egg	2	2	0.1	1.37669976537475	0.216031667202444	76.3228509694216	0.878571428571429	0.299238095238095	0.179739447644646	0.223665189733796
m6	13	Egg	2	2	0.1	0.913293595971537	0.234057180284932	81.3642625034464	0.928893178893179	0.466547619047619	0.227817211794824	0.3982732466179
m7	13	Egg	2	2	0	0.569936119866851	0.14024493559697	90.6642200269681	0.965343915343915	0.443801587301587	0.191231922798024	0.366469010787892
m1	14	Egg	2	2	1e-04	0.744255394955275	0.760090177882719	104.984417631995	0.959702380952381	0.54	0.244166872164714	0.468016965606501
m2	14	Egg	2	2	0.1	1.0111495167828	0.297213120324659	87.819085034657	0.945299145299145	0.473809523809524	0.255772585821293	0.40928768956844
m3	14	Egg	2	2	0	1.14447861489881	0.160884388946488	60.4560801407065	0.889393939393939	0.210309523809524	0.157434122696048	0.126364265448109
m4	14	Egg	2	2	0.1	1.04899187164801	0.221847613528031	75.819085034997	0.924479166666667	0.479690476190476	0.212519228707369	0.414299509251283
m5	14	Egg	2	2	0.1	1.52953036258054	0.256293499729481	84.7441617171669	0.810162601626016	0.260833333333333	0.189998612145799	0.189449919384174
m6	14	Egg	2	2	0.1	1.30810995240071	0.457444704935086	81.3642625352823	0.850614439324117	0.392	0.199221301819486	0.312973023759989
m7	14	Egg	2	2	0.1	1.23362035221309	0.283928714290137	81.3642625039575	0.880921052631579	0.429702380952381	0.2143201414678	0.354780843563054
m1	15	Egg	2	2	0	0.411620972204223	0.510415076828533	105.957636770882	0.979487179487179	0.577190476190476	0.216189549150117	0.507049941029539
m2	15	Egg	2	2	0	0.294843758174563	0.185212039714001	98.1348724046526	0.979500580720093	0.572285714285714	0.240985706467686	0.50386452271303
m3	15	Egg	2	2	0	1.12131561426986	0.19501200293238	60.4560801407065	0.867772108843537	0.175452380952381	0.168883998006084	0.104699035662613
m4	15	Egg	2	2	1e-04	0.762394698597351	0.473873725026385	89.7885101284628	0.975885225885226	0.467547619047619	0.222950749993161	0.387499769448565
m5	15	Egg	2	2	0.1	1.37123453368609	0.21382127900139	76.0943792584592	0.836666666666667	0.334238095238095	0.194561109978151	0.25093654026971
m6	15	Egg	2	2	0.1	0.956670940366599	0.264326536163279	97.3127273448828	0.916727716727717	0.439952380952381	0.206529386314709	0.364426156410879
m7	15	Egg	2	2	0	0.551326505256284	0.157749765352419	71.3596387160643	0.9475	0.434607142857143	0.205781927464255	0.355915942337202
m1	16	Egg	2	2	0.1	0.847521077910599	0.387330388023456	117.204103520175	0.931782945736434	0.523297619047619	0.246313973430621	0.454717820313075
m2	16	Egg	2	2	0.1	0.974601262487375	0.320612179343452	87.819085034657	0.9425	0.502535714285714	0.24151462713116	0.433856954970571
m3	16	Egg	2	2	0	1.10343632590963	0.152421820980235	60.4560801407065	0.886574074074074	0.18452380952381	0.155629712570875	0.11150793009946
m4	16	Egg	2	2	0.1	1.10673613263278	0.299056763752541	88.082379147922	0.916129032258065	0.4475	0.222720561874807	0.374951521935436
m5	16	Egg	2	2	0.1	1.71090084605473	0.384337768262386	96.4409187819741	0.749074074074074	0.25352380952381	0.200921863029897	0.169908263729367
m6	16	Egg	2	2	0.1	1.21658780036383	0.34266567387188	91.6381700619051	0.86991341991342	0.425619047619048	0.211633991010071	0.354229472204189
m7	16	Egg	2	2	0.1	1.22322332937851	0.311767752149955	81.3642625039575	0.878455284552845	0.435964285714286	0.206424415684055	0.355285782717231
m1	17	Egg	2	2	0.1	1.00415634139143	0.29168096935121	108.192960431733	0.918018018018018	0.512154761904762	0.212434301615899	0.431184681338608
m2	17	Egg	2	2	0.1	0.987454092635867	0.261479167216656	109.568436444904	0.931196581196581	0.495642857142857	0.249080412062439	0.428278236029099
m3	17	Egg	2	2	0	1.10618335145971	0.191701328824088	60.4560801407065	0.848530901722391	0.213035714285714	0.163662838193235	0.130399238765279
m4	17	Egg	2	2	0.1	1.12873947471052	0.261277170515298	88.0867554710366	0.930059523809524	0.466738095238095	0.218773343720139	0.389241515352892
m5	17	Egg	2	2	0.1	1.80127934283525	0.291977083240241	98.5631001949824	0.761538461538461	0.216952380952381	0.158209564763472	0.136203479310603
m6	17	Egg	2	2	0.1	1.15939901559258	0.375279630567782	99.8190850432949	0.863703703703704	0.505119047619048	0.240652066374511	0.436676654641093
m7	17	Egg	2	2	0.1	1.27821580117902	0.316646391739565	81.3642625039575	0.875595238095238	0.410087301587302	0.201197059243205	0.326827629860294
m1	18	Egg	2	2	0.1	1.1599667602185	0.414354577460406	110.960868135895	0.887841945288754	0.465214285714286	0.239414071092228	0.386626621896444
m2	18	Egg	2	2	0.1	0.931448018488824	0.236107723389111	87.819085034657	0.960185185185185	0.512380952380952	0.227958018797115	0.443907098712824
m3	18	Egg	2	2	0	1.11706937094642	0.142594699343587	60.4560801407065	0.881168831168831	0.213571428571429	0.144550846432911	0.130568390109234
m4	18	Egg	2	2	0.1	1.41776993841278	0.38929565873554	89.5451774849935	0.863095238095238	0.406130952380952	0.225837828880854	0.331343557888387
m5	18	Egg	2	2	0.1	2.06672763789394	0.258199357004613	99.3745296796757	0.692929292929293	0.17975	0.151782613215641	0.107690056973135
m6	18	Egg	2	2	0.1	1.43225910705962	0.332141859128859	102.591673796152	0.810408163265306	0.387	0.199427253152122	0.313871033692232
m7	18	Egg	2	2	0.1	1.15813724948261	0.343094995971013	102.482844290077	0.902886002886003	0.386880952380952	0.232307108799399	0.315398484070882
m1	19	Egg	2	2	0	0.295953656899705	0.139823108543319	93.7940912459312	0.967283950617284	0.536642857142857	0.223089139521259	0.460822249863274
m2	19	Egg	2	2	0	0.224174336709107	0.146102368678493	98.1348724046526	0.974242424242424	0.561761904761905	0.259879532566332	0.492896840332984
m3	19	Egg	2	2	0	1.10730463256568	0.177311231202804	60.4560801407065	0.872222222222222	0.192321428571429	0.141434957800656	0.104176450671197
m4	19	Egg	2	2	0	0.236879732816073	0.172334358806938	98.7322029977517	0.966260162601626	0.588154761904762	0.248569418347569	0.516550363243994
m5	19	Egg	2	2	0	0.820422488921708	0.216923372443925	66.8961916833635	0.924712643678161	0.347666666666667	0.197344013715698	0.274350434045533
m6	19	Egg	2	2	0	0.472128432426951	0.180550090223192	71.2312317061533	0.954273504273504	0.481011904761905	0.228817706865318	0.408183185250125
m7	19	Egg	2	2	0	0.558724019765628	0.163868510602769	90.6642200269681	0.946428571428571	0.407452380952381	0.190122824881013	0.323810541317028
m1	20	Egg	2	2	0.1	1.20108088096595	0.356245231583824	129.337322872169	0.890804597701149	0.383428571428571	0.219803868438222	0.309238499014621
m2	20	Egg	2	2	0.1	0.965116978007455	0.21117801487975	87.819085034657	0.950198412698413	0.504809523809524	0.213701298092314	0.433177630390668
m3	20	Egg	2	2	0	1.15663822332402	0.19060823530388	60.4560801407065	0.897685185185185	0.197857142857143	0.176158785808804	0.123926801861789
m4	20	Egg	2	2	0.1	1.33417348480126	0.287391246371077	112.44809823253	0.893333333333333	0.433821428571429	0.221241399619946	0.361656449205219
m5	20	Egg	2	2	0.1	2.2158919822565	0.417806144617183	99.3745296796757	0.619369369369369	0.178813492063492	0.16066034121594	0.105838349634532
m6	20	Egg	2	2	0.1	1.31835681215111	0.354673008501358	102.591673796152	0.843421052631579	0.43602380952381	0.203362967055439	0.36345983125664
m7	20	Egg	2	2	0.1	1.15765457366117	0.30148121096632	81.3642625039575	0.895588235294118	0.426845238095238	0.221075515872142	0.353063293609356
m1	21	Egg	2	2	0	0.260761135280289	0.139530395832883	93.7940912459312	0.972988505747126	0.527738095238095	0.215395122659026	0.456769880537076
m2	21	Egg	2	2	0	0.276726921579855	0.11820304416082	98.1348724046526	0.972222222222222	0.497630952380952	0.270845285138713	0.427395652575701
m3	21	Egg	2	2	0	1.12678373992111	0.172463365509966	60.4560801407065	0.880555555555556	0.202484126984127	0.156870282765831	0.124754387698485
m4	21	Egg	2	2	0	0.248559765903923	0.147848063275371	98.7322029977517	0.96952380952381	0.583404761904762	0.219450205936959	0.51299499808746
m5	21	Egg	2	2	0	0.820993509741522	0.200524359086177	66.8961916833635	0.912083333333333	0.31497619047619	0.193638756929634	0.23607156757843
m6	21	Egg	2	2	0	0.445334783457149	0.158070930279506	85.6867534981474	0.95515873015873	0.480809523809524	0.24188424986795	0.405207879221476
m7	21	Egg	2	2	0	0.532627946344596	0.175070343034038	90.6642200269681	0.964367816091954	0.415392857142857	0.21582176566484	0.342395401471101
m1	22	Egg	2	2	0.1	0.960904423804668	0.269599969246261	99.8190850428829	0.919583333333333	0.454214285714286	0.222384205805268	0.373721350829459
m2	22	Egg	2	2	0.1	0.970122183850465	0.245773459872622	87.819085034657	0.943518518518519	0.502547619047619	0.223565309690309	0.4282536657798
m3	22	Egg	2	2	0	1.13862072566358	0.177350043477516	60.4560801407065	0.873245614035088	0.203142857142857	0.183903908382249	0.129706476291667
m4	22	Egg	2	2	0.1	1.11660615056055	0.261772296387287	87.8190850356544	0.920386904761905	0.491833333333333	0.21939743879164	0.413586321325062
m5	22	Egg	2	2	0.1	1.68949444206943	0.265268619430141	96.4409187819741	0.776495726495727	0.226904761904762	0.191027790776001	0.152587323191457
m6	22	Egg	2	2	0.1	1.16086286716722	0.476799513133686	91.8211463708288	0.883333333333333	0.448777777777778	0.251813258206016	0.378015671655308
m7	22	Egg	2	2	0.1	1.24547466767529	0.290398069353091	81.3642625039575	0.881756756756757	0.412738095238095	0.221134830534706	0.334191683898
m1	23	Egg	2	2	0	0.488592169061257	0.748189490726766	105.957636770882	0.972875816993464	0.624190476190476	0.231496267788588	0.554336629350228
m2	23	Egg	2	2	0	0.256672681366265	0.152715172514274	98.1348724046526	0.980729166666667	0.556833333333333	0.231453702586618	0.482564315830197
m3	23	Egg	2	2	0	1.13154469076063	0.189888467118539	60.4560801407065	0.875925925925926	0.228392857142857	0.197087012440584	0.152835733708067
m4	23	Egg	2	2	1e-04	0.643776928220876	0.377306436625586	89.7885101284628	0.963809523809524	0.469964285714286	0.217183183007646	0.395846742594206
m5	23	Egg	2	2	0.1	1.35534805331003	0.240811493497834	76.0943792584592	0.834147869674185	0.352964285714286	0.178538115780008	0.260130353238807
m6	23	Egg	2	2	0.1	0.951488570097546	0.290394152245607	81.3642625034464	0.886101882613511	0.516595238095238	0.212896048420493	0.435771414994726
m7	23	Egg	2	2	0	0.523031193898779	0.198225555351986	90.6642200269681	0.949479166666667	0.436119047619048	0.204226807059416	0.359788018105314
m1	24	Egg	2	2	1e-04	0.578183203292789	0.504591290449688	89.7075713344608	0.971717171717172	0.469964285714286	0.244060603075576	0.396298109119297
m2	24	Egg	2	2	0	0.246180980575683	0.114689132752226	98.1348724046526	0.983630952380952	0.588630952380952	0.206216128069519	0.516978654224663
m3	24	Egg	2	2	0	1.13143624501433	0.204252918459348	60.4560801407065	0.872649572649573	0.198769841269841	0.175428231807608	0.123516622584669
m4	24	Egg	2	2	1e-04	0.659577076701316	0.412211191514437	89.7884972901375	0.981428571428571	0.483666666666667	0.219707743843557	0.410340675232183
m5	24	Egg	2	2	0.1	1.38487029520794	0.239184210185346	76.0943792584592	0.848584298584299	0.295452380952381	0.184227125763322	0.213312819174097
m6	24	Egg	2	2	1e-04	0.839449634072975	0.573620980904917	97.3127273448828	0.944761904761905	0.497142857142857	0.214608009457393	0.424498092085696
m7	24	Egg	2	2	0	0.461022765306116	0.20026225327869	90.6642200269681	0.960612244897959	0.487904761904762	0.213180217160651	0.402958917007185
m1	25	Egg	2	2	0.1	1.29564666643181	0.362125486940532	98.7725887481126	0.848989898989899	0.437511904761905	0.215917872575688	0.360209480800194
m2	25	Egg	2	2	0.1	1.02073906110611	0.296423767928866	109.568436444904	0.92741935483871	0.468654761904762	0.215796412791655	0.393251381425088
m3	25	Egg	2	2	0	1.10876010586057	0.18129176673224	60.4560801407065	0.890625	0.195321428571429	0.14636273728583	0.118426054226805
m4	25	Egg	2	2	0.1	1.26836885218864	0.290713271090767	77.5451774965426	0.888738738738739	0.498678571428571	0.211255287093429	0.427570432701208
m5	25	Egg	2	2	0.1	2.00821029170141	0.454654238759462	87.6573074605077	0.685	0.173095238095238	0.163986384774878	0.0946691502179427
m6	25	Egg	2	2	0.1	1.28361325605268	0.321144455027912	92.4855132020086	0.885483870967742	0.404011904761905	0.192057577977113	0.329693846622414
m7	25	Egg	2	2	0.1	1.21640717143999	0.338254813126851	81.3642625039575	0.888541666666667	0.409547619047619	0.232191166764484	0.343270519837036
m1	26	Egg	2	2	1e-04	0.657154164747931	0.46329677808675	105.957636770882	0.972738095238095	0.513440476190476	0.222818290395106	0.437371389194126
m2	26	Egg	2	2	0	0.303651046606286	0.189787475733075	98.1348724046526	0.967028985507246	0.581753968253968	0.248262487490513	0.510869636717572
m3	26	Egg	2	2	0	1.11632378963557	0.190158383882148	60.4560801407065	0.879214929214929	0.212400793650794	0.160827002943354	0.133878770933234
m4	26	Egg	2	2	1e-04	0.680972102095338	0.478488703289911	89.7885101284628	0.977222222222222	0.46647619047619	0.221525314144452	0.389548817563053
m5	26	Egg	2	2	0.1	1.41959578939191	0.247945601070934	76.0943792584592	0.834331797235023	0.339107142857143	0.189777561903746	0.252646868413577
m6	26	Egg	2	2	1e-04	0.880695941283954	0.631882716274625	81.3642625034464	0.936111111111111	0.493202380952381	0.239806637634062	0.42335117019276
m7	26	Egg	2	2	0	0.508279408681775	0.15735715349208	90.6642200269681	0.954836309523809	0.454547619047619	0.218999015614981	0.379284515623146
m1	27	Egg	2	2	1e-04	0.702865689375595	0.884388734620415	87.8190850335251	0.962195121951219	0.616892857142857	0.222951846362648	0.551907125368502
m2	27	Egg	2	2	0	0.290083425144281	0.125144417494611	77.7878015499401	0.972857142857143	0.560607142857143	0.224884402622625	0.48941068128915
m3	27	Egg	2	2	0	1.13853093453943	0.169972312316767	60.4560801407065	0.876893939393939	0.206547619047619	0.152840357491181	0.12289715387606
m4	27	Egg	2	2	1e-04	1.04143903867215	0.824762780142636	87.8190850340615	0.942355889724311	0.565380952380952	0.212400024380007	0.495554252241289
m5	27	Egg	2	2	0.1	1.46515235261212	0.268404116523611	94.2211403184773	0.875675675675676	0.335690476190476	0.226624225263754	0.266674021033032
m6	27	Egg	2	2	1e-04	0.407528487308193	0.491166258489814	87.819085040738	0.97280701754386	0.563738095238095	0.251001362694116	0.500047697265401
m7	27	Egg	2	2	0	0.54623373074093	0.217324468132316	90.6642200269681	0.961111111111111	0.430095238095238	0.224800422262761	0.354777877891709
m1	28	Egg	2	2	0.1	0.938852463883222	0.344137755139564	108.192960431733	0.950438596491228	0.51575	0.241697192571608	0.442589672455758
m2	28	Egg	2	2	0.1	1.03828428070471	0.231857444093893	109.568436444904	0.925925925925926	0.480928571428571	0.211194499854028	0.412519959802561
m3	28	Egg	2	2	0	1.16642020696182	0.16420677318681	60.4560801407065	0.879112554112554	0.196285714285714	0.17297824497826	0.121204348504889
m4	28	Egg	2	2	0.1	1.1145083453352	0.28797615073338	87.8190850311118	0.914141414141414	0.440392857142857	0.242417493319137	0.372511374684174
m5	28	Egg	2	2	0.1	1.80636559723486	0.359015961076014	98.5631001949824	0.733760683760684	0.212559523809524	0.171571256873662	0.125375526179351
m6	28	Egg	2	2	0.1	1.20793256045034	0.397085801646349	99.8190850432949	0.845934959349594	0.498011904761905	0.23326234152584	0.435079465664606
m7	28	Egg	2	2	0.1	1.34659951808498	0.305779921172949	81.3642625039575	0.848062015503876	0.418547619047619	0.200095617503754	0.342864129229905
m1	29	Egg	2	2	0.1	0.922829783320407	0.3562177040698	117.089594623633	0.932083333333333	0.490928571428571	0.212121424276675	0.414572892738056
m2	29	Egg	2	2	0	0.266664893759367	0.152702444541528	77.7878015499401	0.96625	0.597619047619048	0.223581956292021	0.517647312874982
m3	29	Egg	2	2	0	1.16744960220487	0.219158050886696	60.4560801407065	0.883838383838384	0.179940476190476	0.141985715466559	0.102060647660896
m4	29	Egg	2	2	0.1	1.11337326530504	0.26929364813306	88.082379147922	0.92012987012987	0.458896825396825	0.224007871217118	0.385980597273306
m5	29	Egg	2	2	0.1	1.73327764898335	0.399255931454648	78.187371840211	0.730392156862745	0.231142857142857	0.186177035986062	0.158636439356207
m6	29	Egg	2	2	0.1	1.03641647111108	0.305260018944097	91.6381700827884	0.897747747747748	0.438404761904762	0.228017018172514	0.365877185595516
m7	29	Egg	2	2	0	0.601809649685763	0.177358877400577	90.6642200269681	0.938383838383838	0.433869047619048	0.178885916354842	0.34711457245428
m1	30	Egg	2	2	0.1	0.808849904842265	0.280016901819961	96.0001446967943	0.953501400560224	0.549297619047619	0.257888612214285	0.48447108727126
m2	30	Egg	2	2	0.1	1.04306028434754	0.216333039119752	109.568436444904	0.935648148148148	0.462678571428571	0.232764481108933	0.397772874377384
m3	30	Egg	2	2	0	1.10728784573275	0.192523103797908	60.4560801407065	0.894017094017094	0.187559523809524	0.170768126049771	0.112521550677604
m4	30	Egg	2	2	1e-04	0.856479274768124	0.816328648851441	75.8190850322029	0.940909090909091	0.55577380952381	0.236329574742136	0.48919550316415
m5	30	Egg	2	2	0.1	1.72539425849201	0.261615118046609	86.8567219192134	0.788610038610039	0.200309523809524	0.163561276135583	0.135365895533231
m6	30	Egg	2	2	0.1	1.10814047539877	0.330950506138677	89.5451774798176	0.881481481481482	0.469059523809524	0.211144504663421	0.395330856835438
m7	30	Egg	2	2	0.1	1.30285393891766	0.242291681776362	81.3642625039575	0.877142857142857	0.409464285714286	0.188001783199095	0.336045165750744
m1	31	Egg	2	2	0	0.29856080443491	0.105256296132721	93.7940912459312	0.963321995464853	0.587595238095238	0.223005036119854	0.517093859803564
m2	31	Egg	2	2	0	0.236114014837499	0.139407096142872	98.1348724046526	0.982222222222222	0.558626984126984	0.230268992596029	0.494029437914431
m3	31	Egg	2	2	0	1.08639807034819	0.208619688276805	60.4560801407065	0.881060606060606	0.234309523809524	0.202853929104881	0.153032961688364
m4	31	Egg	2	2	0	0.270419855081811	0.116234546417574	98.7322029977517	0.980454042081949	0.59602380952381	0.229546395227165	0.533211430307706
m5	31	Egg	2	2	0	0.823140307937177	0.201187050122004	66.8961916833635	0.917171717171717	0.313964285714286	0.159301537894309	0.237672249752392
m6	31	Egg	2	2	0	0.527277614151163	0.146644896120247	71.2312317061533	0.954411764705882	0.423178571428571	0.203116991558525	0.339901407335105
m7	31	Egg	2	2	0	0.542951553207202	0.172414335262793	90.6642200269681	0.949561403508772	0.441896825396825	0.204064830318726	0.362330409211622
m1	32	Egg	2	2	0	0.356632652694474	0.327351463246689	89.7075713344608	0.982004429678848	0.563369047619048	0.230022653148149	0.494968110714163
m2	32	Egg	2	2	0	0.291075750372685	0.123333523374822	77.7878015499401	0.977142857142857	0.553380952380952	0.241523225532378	0.484583158857609
m3	32	Egg	2	2	0	1.09076158755708	0.148897553630161	60.4560801407065	0.8675	0.215928571428571	0.15525329728119	0.116306633339505
m4	32	Egg	2	2	1e-04	0.685207574816992	0.510674616537247	89.7884972901375	0.959686147186147	0.471630952380952	0.225734017985299	0.390670094717534
m5	32	Egg	2	2	0.1	1.32296857803364	0.254485639756686	76.0943792584592	0.851890756302521	0.314488095238095	0.211923072572271	0.225565486224398
m6	32	Egg	2	2	0.1	0.923077627179541	0.229125939452573	81.3642625034464	0.917460317460317	0.476666666666667	0.223259278774682	0.401925826418575
m7	32	Egg	2	2	0	0.557757167434617	0.138720915108975	90.6642200269681	0.953508771929825	0.449738095238095	0.189296761848583	0.375181101004049
m1	33	Egg	2	2	0.1	0.903308250250587	0.235692496155103	117.089594623633	0.954583333333333	0.489285714285714	0.229373317806677	0.418302662078867
m2	33	Egg	2	2	0	0.275963305623817	0.1363206654674	77.7878015499401	0.970573870573871	0.573996031746032	0.241503197290784	0.509355479897541
m3	33	Egg	2	2	0	1.17622248310299	0.153304782320921	60.4560801407065	0.894827586206897	0.16702380952381	0.152495288018706	0.107288026666606
m4	33	Egg	2	2	0.1	1.13593386699352	0.296666164139595	88.082379147922	0.915891472868217	0.48875	0.209066179952752	0.417506009123366
m5	33	Egg	2	2	0.1	1.61985272383055	0.308776126472903	96.4409187819741	0.792176870748299	0.274630952380952	0.181688262730146	0.192456048423602
m6	33	Egg	2	2	0.1	1.05391810795975	0.218997841577328	91.8155001011868	0.891228070175439	0.464071428571429	0.213818392406734	0.388353168124319
m7	33	Egg	2	2	0	0.552538797123661	0.190421005387923	90.6642200269681	0.950442967884828	0.486952380952381	0.211462747867187	0.405346433494065
m1	34	Egg	2	2	0.1	0.990795064315943	0.281935554459291	117.204103520175	0.920967741935484	0.435083333333333	0.229630461508203	0.360206993795316
m2	34	Egg	2	2	0.1	1.00575654402962	0.211126639783881	109.568436444904	0.952651515151515	0.521261904761905	0.231794025106124	0.456763693250163
m3	34	Egg	2	2	0	1.17551070157998	0.207080806789673	60.4560801407065	0.882432432432432	0.202119047619048	0.148522000247755	0.121956424617467
m4	34	Egg	2	2	0.1	1.10014308515278	0.240570064660277	87.8190850356544	0.917886178861789	0.469928571428571	0.241758413717254	0.398199476083739
m5	34	Egg	2	2	0.1	1.65230980369101	0.244255831324846	96.4409187819741	0.777777777777778	0.23402380952381	0.179147234232118	0.158071804066301
m6	34	Egg	2	2	0.1	1.16498815767558	0.394036170153296	91.6381700619051	0.856060606060606	0.446202380952381	0.242434112637702	0.370176975917447
m7	34	Egg	2	2	0.1	1.27348002491198	0.340139403009659	81.3642625039575	0.872985347985348	0.424376984126984	0.198561706553379	0.344698107903575
m1	35	Egg	2	2	0	0.247756250462929	0.135220239155261	93.7940912459312	0.974747474747475	0.54747619047619	0.256267509620947	0.480418555541547
m2	35	Egg	2	2	0	0.299355094840063	0.111179418103487	77.7878015499401	0.965	0.59072619047619	0.21408863358449	0.517988642689912
m3	35	Egg	2	2	0	1.16512805350498	0.216495299598154	60.4560801407065	0.895293466223699	0.208452380952381	0.164451497380606	0.133457516024192
m4	35	Egg	2	2	0	0.298653545951665	0.127422740755048	98.7322029977517	0.984343434343434	0.560238095238095	0.226517320373397	0.483725823333776
m5	35	Egg	2	2	0	0.824073151923835	0.206670499948321	66.8961916833635	0.878205128205128	0.34052380952381	0.18747606640808	0.25798775710007
m6	35	Egg	2	2	0	0.484185893963002	0.179084544434474	85.6867534981474	0.950464576074332	0.471452380952381	0.218980031974253	0.386925321815842
m7	35	Egg	2	2	0	0.518275027846055	0.145528982780984	90.6642200269681	0.958333333333333	0.451452380952381	0.194885721558428	0.376372088264148
m1	36	Egg	2	2	0.1	0.957988513569467	0.371026972376714	117.089594623633	0.933854166666667	0.47977380952381	0.199939543345934	0.405235125851163
m2	36	Egg	2	2	0	0.225551031359588	0.13751179939594	98.1348724046526	0.972222222222222	0.569976190476191	0.239520002369964	0.496388655512579
m3	36	Egg	2	2	0	1.15139084857657	0.202412445260106	60.4560801407065	0.896551724137931	0.186380952380952	0.153022219695578	0.111875588692681
m4	36	Egg	2	2	0.1	1.19217683384401	0.206843723476117	87.8190850356544	0.926666666666667	0.436714285714286	0.21618160292682	0.358786036375829
m5	36	Egg	2	2	0.1	1.63171161224588	0.248178307729123	96.4409187819741	0.772902494331066	0.30172619047619	0.197525387887301	0.217165819564687
m6	36	Egg	2	2	0.1	1.07530597712763	0.269264914892822	91.6381700827884	0.889625850340136	0.452928571428571	0.218113389069327	0.374160451784728
m7	36	Egg	2	2	0	0.585737221909572	0.20136144386741	90.6642200269681	0.937103174603175	0.437059523809524	0.18795123711038	0.353711087529333
m1	37	Egg	2	2	0.1	0.929203741698332	0.30884431251842	87.8190850447481	0.93064182194617	0.530246031746032	0.260527242677655	0.463259625122597
m2	37	Egg	2	2	0.1	0.969852025116482	0.246747737453793	109.568436444904	0.935238095238095	0.49175	0.226360740390373	0.419065702062381
m3	37	Egg	2	2	0	1.13184282804159	0.155660827167809	60.4560801407065	0.8609375	0.186095238095238	0.154825613112729	0.107764740934877
m4	37	Egg	2	2	1e-04	1.08020427343178	0.898757702492035	75.819085034997	0.935648148148148	0.536380952380952	0.264804248450588	0.469298223908485
m5	37	Egg	2	2	0.1	1.66092011714509	0.363734602921729	84.7441617171669	0.774242424242424	0.260214285714286	0.195944327097164	0.184173578721007
m6	37	Egg	2	2	0.1	1.12330918205602	0.304431883243152	81.3642625352823	0.894607843137255	0.425690476190476	0.196990369523405	0.338819637072392
m7	37	Egg	2	2	0.1	1.17178131195771	0.298968044461702	81.3642625039575	0.905769230769231	0.448654761904762	0.22323559494245	0.381191237199272
m1	38	Egg	2	2	0.1	1.1357795721716	0.343468086114146	129.337322872169	0.904814814814815	0.484571428571429	0.194505388452629	0.404574708590948
m2	38	Egg	2	2	0.1	0.933397364440455	0.229546195294263	109.568436444904	0.954761904761905	0.45577380952381	0.262257642752971	0.395095964192946
m3	38	Egg	2	2	0	1.15233802290595	0.148724503724919	60.4560801407065	0.866666666666667	0.197261904761905	0.154034950446023	0.110153370843874
m4	38	Egg	2	2	0.1	1.4162611638709	0.321736980919427	89.8203986801373	0.842592592592593	0.425035714285714	0.204826455967714	0.349470443081576
m5	38	Egg	2	2	0.1	2.07226497504832	0.340319047895208	99.3745296796757	0.676754385964912	0.185988095238095	0.153565309209863	0.112019181710819
m6	38	Egg	2	2	0.1	1.26629813976495	0.355187003642336	102.591673796152	0.889393939393939	0.41197619047619	0.22304821110667	0.336524804442068
m7	38	Egg	2	2	0.1	1.26834998310218	0.307548057844959	81.3642625039575	0.872303921568627	0.435119047619048	0.192462400131544	0.355414636107575
m1	39	Egg	2	2	0.1	1.20356362576633	0.354776287231026	98.7725887481126	0.865625	0.466496031746032	0.179983065701308	0.380951352315719
m2	39	Egg	2	2	0.1	1.04472068731818	0.217792287110696	87.819085034657	0.93963963963964	0.491904761904762	0.235440223337968	0.425802732612142
m3	39	Egg	2	2	0	1.13242466094218	0.195631961530304	75.1176995668	0.878446115288221	0.194261904761905	0.147992164112109	0.119794206107777
m4	39	Egg	2	2	0.1	1.34661527910291	0.288271398541803	77.5451774944807	0.87479674796748	0.478309523809524	0.238455210085332	0.40999055957943
m5	39	Egg	2	2	0.1	1.83325663362664	0.32686263652294	87.6573074605077	0.731018518518519	0.197571428571429	0.156220136292676	0.12900930825538
m6	39	Egg	2	2	0.1	1.35951789715457	0.308560143274455	92.4855132020086	0.866228070175439	0.411964285714286	0.177841572038667	0.329490723231122
m7	39	Egg	2	2	0.1	1.25110794068888	0.300095625413639	81.3642625039575	0.887393162393162	0.405404761904762	0.203294589108596	0.335759329556822
m1	40	Egg	2	2	0	0.251243058938721	0.156838185934243	93.7940912459312	0.983333333333333	0.542142857142857	0.250553682663407	0.467499650682989
m2	40	Egg	2	2	0	0.269624749533577	0.135678900917677	77.7878015499401	0.983613445378151	0.544404761904762	0.25915941095897	0.481363533439315
m3	40	Egg	2	2	0	1.15828466909759	0.207279756642465	60.4560801407065	0.887619047619048	0.198952380952381	0.150941417688412	0.127250634354955
m4	40	Egg	2	2	0	0.239057558466252	0.160361174079033	98.7322029977517	0.981428571428571	0.568238095238095	0.245893043805555	0.499348190746046
m5	40	Egg	2	2	0	0.900693762685509	0.219034135431937	66.8961916833635	0.902116402116402	0.322571428571429	0.18666321864668	0.243595378414694
m6	40	Egg	2	2	0	0.513077772662203	0.197878720059949	85.6867534981474	0.949659863945578	0.464	0.23106858028016	0.390092916777915
m7	40	Egg	2	2	0	0.495012857971442	0.124524209569584	90.6642200269681	0.952083333333333	0.446571428571429	0.201561825889083	0.369142001567795
m1	41	Egg	2	2	0.1	0.926827379817005	0.304791723321614	87.8190850447481	0.933771929824561	0.522714285714286	0.22923645139757	0.452205308818749
m2	41	Egg	2	2	0.1	1.0431833045842	0.256178420199916	87.819085034657	0.930079365079365	0.460297619047619	0.229847302302884	0.392129152311713
m3	41	Egg	2	2	0	1.10011838724671	0.189537108497242	60.4560801407065	0.879931972789116	0.202916666666667	0.162490485426226	0.128339634407217
m4	41	Egg	2	2	0.1	1.09232435669161	0.275190658377511	75.819085034997	0.937878787878788	0.498261904761905	0.220321664266606	0.426114202281846
m5	41	Egg	2	2	0.1	1.64173704232523	0.294984423647385	84.7441617171669	0.801190476190476	0.290154761904762	0.194001088844959	0.210805812537389
m6	41	Egg	2	2	0.1	1.03003719533678	0.318764547913728	81.3642625352823	0.921111111111111	0.420321428571429	0.22652637365289	0.348231634421373
m7	41	Egg	2	2	0.1	1.31275356782146	0.34720416812989	81.3642625039575	0.876356589147287	0.417404761904762	0.201227279322681	0.349474829675035
m1	42	Egg	2	2	0.1	0.914235160568984	0.346170187671744	87.8190850447481	0.929457364341085	0.549809523809524	0.245239304741177	0.486880133419784
m2	42	Egg	2	2	0.1	0.942255848713886	0.220187508949369	109.568436444904	0.954411764705882	0.494761904761905	0.195487162076335	0.41683707730982
m3	42	Egg	2	2	0	1.11140162656794	0.148685471145591	60.4560801407065	0.877941176470588	0.21397619047619	0.148482191213881	0.13372236358513
m4	42	Egg	2	2	0.1	1.1016040797615	0.301078624545468	75.819085034997	0.9225	0.489595238095238	0.26843399591919	0.425217857373293
m5	42	Egg	2	2	0.1	1.6162710336739	0.27599549088906	84.7441617171669	0.781914893617021	0.307702380952381	0.160145874112363	0.226775795885001
m6	42	Egg	2	2	0.1	1.10399121294413	0.294272142687002	81.3642625352823	0.906756756756757	0.43152380952381	0.206052100462692	0.353582696734776
m7	42	Egg	2	2	0.1	1.21211806165931	0.285820379239993	102.482844290077	0.876938775510204	0.411630952380952	0.23104619759116	0.332622811819239
m1	43	Egg	2	2	0.1	0.901313691182469	0.336039425221711	117.089594623633	0.961274509803922	0.462059523809524	0.245534318578685	0.396541189441825
m2	43	Egg	2	2	0	0.297566413697302	0.11424724515219	98.1348724046526	0.969166666666667	0.569857142857143	0.240205944950104	0.500797602478733
m3	43	Egg	2	2	0	1.11309028766088	0.162515722940897	60.4560801407065	0.876315789473684	0.214071428571429	0.163524315946217	0.133769440622474
m4	43	Egg	2	2	0.1	1.19469297531533	0.270579244413148	87.8190850356544	0.92249373433584	0.450785714285714	0.20374341345053	0.376310521129718
m5	43	Egg	2	2	0.1	1.62717035214581	0.262787254217779	96.4409187819741	0.791452991452991	0.246285714285714	0.192860132756709	0.174779462085337
m6	43	Egg	2	2	0.1	1.02402369096376	0.296298594860983	91.6381700827884	0.900614439324117	0.4655	0.217408303940588	0.393523220761584
m7	43	Egg	2	2	0	0.563248703018217	0.177136113781012	90.6642200269681	0.926754385964912	0.43175	0.199638067158124	0.345234168641102
m1	44	Egg	2	2	0.1	0.739839180271813	0.197296706935878	87.9793919861361	0.96421568627451	0.516642857142857	0.270565246645717	0.451066721387715
m2	44	Egg	2	2	0	0.299809271851563	0.144466434366137	77.7878015499401	0.95952380952381	0.588011904761905	0.224022051659272	0.519956350886119
m3	44	Egg	2	2	0	1.11047613179336	0.171201767679341	60.4560801407065	0.893809523809524	0.204206349206349	0.175799120324642	0.130872830379944
m4	44	Egg	2	2	0.1	1.00581123672329	0.281800368042245	75.819085034997	0.955555555555556	0.500416666666667	0.227641001955532	0.426180115325382
m5	44	Egg	2	2	0.1	1.6940407655804	0.375495737448065	68.9991970470543	0.770588235294118	0.236583333333333	0.174731346026742	0.160457775640007
m6	44	Egg	2	2	1e-04	1.01385801147021	0.999688311821825	81.3642625123125	0.943358395989975	0.433785714285714	0.21642529065235	0.359755738575576
m7	44	Egg	2	2	0	0.523256428087393	0.1343288542454	90.6642200269681	0.950062656641604	0.442940476190476	0.214836837043831	0.36726735594495
m1	45	Egg	2	2	0.1	0.991965838419428	0.305533114940005	87.8190850447481	0.932352941176471	0.514071428571429	0.224797766754048	0.440213400046846
m2	45	Egg	2	2	0.1	1.08225319052868	0.376294446866101	109.568436444904	0.920634920634921	0.502107142857143	0.237669042251214	0.438370969600646
m3	45	Egg	2	2	0	1.18565346977464	0.193014571174747	60.4560801407065	0.895382395382395	0.176440476190476	0.151116679050142	0.11349806991193
m4	45	Egg	2	2	1e-04	0.846050642862074	0.798308625399735	75.819085034997	0.958974358974359	0.595654761904762	0.240783428226497	0.530854617257208
m5	45	Egg	2	2	0.1	1.62190297662216	0.305225232790625	84.7441617171669	0.807575757575758	0.234202380952381	0.178557307041438	0.167990320021631
m6	45	Egg	2	2	0.1	1.09767337419625	0.266997608402108	81.3642625352823	0.935648148148148	0.442535714285714	0.209387859210234	0.37013523023701
m7	45	Egg	2	2	0.1	1.16303939593565	0.332156074484065	81.3642625039575	0.890885416666667	0.420551587301587	0.229037189737249	0.350200290612023
m1	46	Egg	2	2	1e-04	0.579066115812423	0.738575307054979	104.909639759228	0.965416666666667	0.58972619047619	0.252873421108275	0.52745123473186
m2	46	Egg	2	2	0	0.277300899017516	0.141247984707924	77.7878015499401	0.977642276422764	0.593416666666667	0.226718040929511	0.525425388207946
m3	46	Egg	2	2	0	1.17866905942235	0.205716608195663	60.4560801407065	0.878645833333333	0.203571428571429	0.164300352778615	0.129563332121881
m4	46	Egg	2	2	0.1	1.06920611485872	0.352435821833823	75.819085034997	0.908602150537634	0.492369047619048	0.242746186479651	0.428060163336722
m5	46	Egg	2	2	0.1	1.61686755309451	0.344251928423389	84.7441617171669	0.785135135135135	0.25475	0.175595900081093	0.178782476165872
m6	46	Egg	2	2	0.1	0.994271639213241	0.223665777592856	81.5136106761733	0.939417989417989	0.409821428571429	0.218173497889914	0.338748870348075
m7	46	Egg	2	2	0	0.542391507874871	0.175195855415686	90.6642200269681	0.938888888888889	0.423857142857143	0.186211880096706	0.343245979005191
m1	47	Egg	2	2	0.1	0.752579453801652	0.295064069586133	87.8190850463524	0.959756097560976	0.57552380952381	0.23422738082712	0.507967277521007
m2	47	Egg	2	2	0	0.29037690410073	0.156116522074109	77.7878015499401	0.969298245614035	0.552880952380952	0.238415199874281	0.47238306870161
m3	47	Egg	2	2	0	1.17869954657663	0.221252941649149	60.4560801407065	0.885648148148148	0.172821428571429	0.159312608767644	0.0989458071996211
m4	47	Egg	2	2	1e-04	1.01121134452784	1.03967243653502	75.819085034997	0.940540540540541	0.558690476190476	0.237240257847723	0.489910748578564
m5	47	Egg	2	2	0.1	1.57298647258889	0.270249384763412	84.7441617171669	0.796969696969697	0.27172619047619	0.196809931591719	0.192899781306416
m6	47	Egg	2	2	0.1	0.953323399840269	0.278994040889335	81.3642625123125	0.938888888888889	0.451369047619048	0.202984583126323	0.381208213012419
m7	47	Egg	2	2	0	0.534072960464663	0.158602158416115	90.6642200269681	0.965379665379665	0.452166666666667	0.183740356072922	0.379322381515606
m1	48	Egg	2	2	0.1	0.812201036484985	0.300622825031652	117.089594623633	0.962121212121212	0.506809523809524	0.236188861536165	0.433227647404159
m2	48	Egg	2	2	0	0.207077279372306	0.14764569717761	98.1348724046526	0.981623931623932	0.591833333333333	0.252120182332923	0.524930836735832
m3	48	Egg	2	2	0	1.18036029265172	0.139661328630252	60.4560801407065	0.896078431372549	0.194059523809524	0.148262099880969	0.123448945006383
m4	48	Egg	2	2	0.1	1.09493439130533	0.280977707087637	87.8190850356544	0.931782945736434	0.48059126984127	0.217030731106221	0.402307847280038
m5	48	Egg	2	2	0.1	1.65848765175123	0.337362082804051	96.4409187819741	0.778455284552846	0.266702380952381	0.186847228685741	0.187227964464337
m6	48	Egg	2	2	0.1	1.03210304220222	0.259612359109642	91.6381700827884	0.917696267696268	0.457285714285714	0.207009936731295	0.385822821465001
m7	48	Egg	2	2	0	0.565143419005268	0.204310492268558	90.6642200269681	0.952380952380952	0.4415	0.211965487621129	0.366203458086518
m1	49	Egg	2	2	0	0.560827034339181	0.663062066221218	89.7075713347206	0.963888888888889	0.537833333333333	0.236226406666331	0.456781658150704
m2	49	Egg	2	2	0	0.270692272535503	0.128375658642434	77.7878015499401	0.973809523809524	0.559464285714286	0.244233312840005	0.490683449351042
m3	49	Egg	2	2	0	1.15774300226043	0.199025623454618	75.1176995668	0.901960784313726	0.167059523809524	0.132635781731494	0.091700058027975
m4	49	Egg	2	2	1e-04	0.697979708903875	0.460229304933784	111.045205225502	0.96969696969697	0.486238095238095	0.216721388096875	0.41139722000979
m5	49	Egg	2	2	0.1	1.35919225557955	0.21086155656776	76.3228502010883	0.865104166666667	0.2955	0.206907584788213	0.225068123462078
m6	49	Egg	2	2	0.1	0.937420241484982	0.253341457499052	81.3642625034464	0.938333333333333	0.444809523809524	0.215199372280259	0.367701736367972
m7	49	Egg	2	2	0	0.542898643999803	0.172304359287721	90.6642200269681	0.951851851851852	0.431654761904762	0.21381228063958	0.358468166311042
m1	50	Egg	2	2	0	0.224488820533623	0.15682071688705	93.7940912459312	0.981182795698925	0.580857142857143	0.220971257341659	0.511620728380627
m2	50	Egg	2	2	0	0.18379133508922	0.154583008920497	77.7878015499401	0.984415584415584	0.5765	0.258138095274031	0.510277018605759
m3	50	Egg	2	2	0	1.12457048641689	0.216649200778246	60.4560801407065	0.897435897435897	0.206904761904762	0.167281385430757	0.130274514048022
m4	50	Egg	2	2	0	0.26394191901554	0.163288106500306	98.7322029977517	0.969369369369369	0.552880952380952	0.24737757285497	0.482445017434096
m5	50	Egg	2	2	0	0.916314218258038	0.23581157469675	66.8961916833635	0.885483870967742	0.305821428571429	0.176154957793619	0.23129495000601
m6	50	Egg	2	2	0	0.528600641508906	0.187429448200332	85.6867534981474	0.965	0.463142857142857	0.211281715070889	0.382553920806251
m7	50	Egg	2	2	0	0.543351443339818	0.187276046513505	90.6642200269681	0.943412698412698	0.462321428571429	0.177411365387177	0.375318367303992
m1	51	Egg	2	2	0.1	0.879151907324425	0.324307913841475	108.192960431733	0.943421052631579	0.537369047619048	0.232031114495649	0.462614985437636
m2	51	Egg	2	2	0.1	1.03589121092917	0.281977007624369	109.568436444904	0.931145431145431	0.495488095238095	0.240526683974936	0.432208695704637
m3	51	Egg	2	2	0	1.10972215578769	0.201456370095193	60.4560801407065	0.877777777777778	0.231119047619048	0.172846089761987	0.147629482380272
m4	51	Egg	2	2	0.1	1.08629900253061	0.235241066402438	88.0867554710366	0.933739837398374	0.475380952380952	0.238459610558576	0.412578406201104
m5	51	Egg	2	2	0.1	1.81831748936219	0.371178190149	98.5631001949824	0.726829268292683	0.18722619047619	0.175978436605896	0.111908861340795
m6	51	Egg	2	2	0.1	1.04686688893353	0.363878330726171	100.021993573988	0.913191763191763	0.473428571428571	0.246021381804695	0.409077376304968
m7	51	Egg	2	2	0.1	1.28853061427504	0.304025415736786	81.3642625039575	0.875	0.404428571428571	0.193523312189504	0.326824077847682
m1	52	Egg	2	2	0.1	0.829856820652543	0.284470649969327	104.909639759228	0.95952380952381	0.547928571428571	0.246489509211094	0.481610066942908
m2	52	Egg	2	2	0	0.267574397364051	0.139637624822352	77.7878015499401	0.972962962962963	0.632047619047619	0.205437106166629	0.566294043821327
m3	52	Egg	2	2	0	1.1204881239004	0.207421200403978	60.4560801407065	0.869369369369369	0.202238095238095	0.194339377332746	0.129940744400298
m4	52	Egg	2	2	1e-04	0.930445627336864	0.778919103527029	75.819085034997	0.946666666666667	0.512916666666667	0.237247430863902	0.441194454454998
m5	52	Egg	2	2	0.1	1.64021547687101	0.333036225286152	84.7441617171669	0.78030303030303	0.237261904761905	0.177754061691138	0.163270360454648
m6	52	Egg	2	2	0.1	1.00442401236321	0.269837154810412	81.3642625123125	0.919565217391304	0.469511904761905	0.202270921550515	0.390830396685004
m7	52	Egg	2	2	0	0.564889343395226	0.14133754619722	90.6642200269681	0.950406504065041	0.437595238095238	0.203276685382806	0.365311198327152
m1	53	Egg	2	2	0.1	1.05577550473881	0.307496496340588	98.7725887481126	0.924137931034483	0.475345238095238	0.230451081616289	0.402064685619518
m2	53	Egg	2	2	0.1	0.930004965839232	0.265415607207654	109.568436444904	0.953921568627451	0.494301587301587	0.259987183282394	0.431264196680447
m3	53	Egg	2	2	0	1.14395889266384	0.18800263663561	60.4560801407065	0.872395833333333	0.197011904761905	0.157873544901326	0.115603549219312
m4	53	Egg	2	2	0.1	1.24842499226199	0.311049328428702	77.5451774944807	0.908119658119658	0.510190476190476	0.238275083591906	0.436393398687489
m5	53	Egg	2	2	0.1	1.91246773093143	0.294039439567452	87.6573074605077	0.706481481481481	0.169825396825397	0.152060155650902	0.0988414147595604
m6	53	Egg	2	2	0.1	1.28689986541209	0.292136111340977	92.3177662488126	0.884188034188034	0.401738095238095	0.202445553167505	0.319109004817649
m7	53	Egg	2	2	0.1	1.33148304750778	0.204629103339725	81.3642625039575	0.866378066378066	0.388714285714286	0.19453545592182	0.316698189740913
m1	54	Egg	2	2	1e-04	0.573644717396757	0.755638859630367	87.8190850463524	0.956060606060606	0.594571428571429	0.24013295408016	0.527189315929947
m2	54	Egg	2	2	0	0.23516920953886	0.129939194038901	77.7878015499401	0.981720430107527	0.563619047619048	0.239310948729127	0.496747393420141
m3	54	Egg	2	2	0	1.12406727470834	0.196914464916552	60.4560801407065	0.892307692307692	0.1945	0.156366490280437	0.116325538521818
m4	54	Egg	2	2	1e-04	1.01080523070225	0.868436435121337	75.819085034997	0.92991452991453	0.551365079365079	0.243183905897612	0.475123414103322
m5	54	Egg	2	2	0.1	1.69279838126534	0.336211651896705	68.9991970470543	0.76	0.283190476190476	0.201038489515004	0.206121249283434
m7	54	Egg	2	2	0	0.564145372506416	0.149608373895219	90.6642200269681	0.954487179487179	0.416333333333333	0.184222440052399	0.343235039587529
m1	55	Egg	2	2	0.1	1.11390348411486	0.28493936340152	98.7725887481126	0.904954954954955	0.49377380952381	0.229177815611813	0.425148627717138
m2	55	Egg	2	2	0.1	1.06410423799431	0.302472122940885	109.568436444904	0.919444444444444	0.499547619047619	0.199466091162449	0.430248977374352
m3	55	Egg	2	2	0	1.14252618936877	0.171544945985766	60.4560801407065	0.887037037037037	0.164428571428571	0.13799146056645	0.0945188854708133
m4	55	Egg	2	2	0.1	1.33924483831897	0.332142289907877	77.5451774971802	0.864166666666667	0.474380952380952	0.228670643450307	0.396031098116093
m5	55	Egg	2	2	0.1	1.96019134071393	0.319958696352934	87.6573074605077	0.741203703703704	0.172654761904762	0.160425778756733	0.111147876630276
m6	55	Egg	2	2	0.1	1.37316086318799	0.325225581046125	92.4855132020086	0.875510204081633	0.387202380952381	0.1893919337831	0.304312407487675
m7	55	Egg	2	2	0.1	1.30885564393807	0.306225131612225	81.3642625039575	0.855119047619048	0.440107142857143	0.196647246259663	0.353845164497792
m1	56	Egg	2	2	0.1	1.08381992634692	0.328452125283981	98.7725887481126	0.902857142857143	0.500083333333333	0.225400017189258	0.431829888103942
m2	56	Egg	2	2	0.1	0.988927774696289	0.241536626674625	109.568436444904	0.944444444444444	0.524214285714286	0.233801117170862	0.461828185712343
m3	56	Egg	2	2	0	1.09310745502526	0.21175215566035	60.4560801407065	0.874886621315193	0.229738095238095	0.165652965812785	0.140946767777774
m4	56	Egg	2	2	0.1	1.33237778634304	0.302677266185588	77.5451774971802	0.86223544973545	0.457523809523809	0.234166411433049	0.384938708322635
m5	56	Egg	2	2	0.1	1.90640402003909	0.326038556890099	87.6573074605077	0.717117117117117	0.186428571428571	0.155876402922088	0.117642785189247
m6	56	Egg	2	2	0.1	1.34384896415322	0.423063475945227	92.4855132020086	0.883333333333333	0.388154761904762	0.17213644992091	0.304561447992528
m7	56	Egg	2	2	0.1	1.24184714639	0.294583347579422	81.3642625039575	0.860833333333333	0.459654761904762	0.207624947996238	0.379764853865712
m1	57	Egg	2	2	0.1	1.00210908798526	0.356835478827226	99.9931774728663	0.917105263157895	0.448392857142857	0.226796697495307	0.384917541877491
m2	57	Egg	2	2	0.1	1.0235217563588	0.301402923836978	87.819085034657	0.928333333333333	0.529452380952381	0.237296014306661	0.464663655559655
m3	57	Egg	2	2	0	1.15186524930063	0.196224877533721	60.4560801407065	0.869444444444444	0.208571428571429	0.138402156819538	0.126207394594816
m4	57	Egg	2	2	1e-04	0.87822760650958	0.652377295155275	87.8190850356544	0.963517665130568	0.459	0.239765564779834	0.390361008306923
m5	57	Egg	2	2	0.1	1.65099749098137	0.325328865163002	96.4409187819741	0.79	0.225388888888889	0.191953661865951	0.147991613774067
m6	57	Egg	2	2	0.1	1.20150745842321	0.41935620563211	91.8211463708288	0.88287037037037	0.446333333333333	0.212595929522205	0.375575101355191
m7	57	Egg	2	2	0.1	1.29896400784711	0.278342732584358	81.3642625039575	0.871825396825397	0.409178571428571	0.202969061387853	0.336370753173464
m1	58	Egg	2	2	0.1	0.82562215900497	0.283964078404778	117.089594623633	0.961428571428571	0.504154761904762	0.220323358493912	0.426588643757081
m2	58	Egg	2	2	0	0.267957503677528	0.127323065391158	98.1348724046526	0.975	0.576666666666667	0.244395480563015	0.510201625709082
m3	58	Egg	2	2	0	1.15775376653871	0.224221318991599	60.4560801407065	0.83448275862069	0.177511904761905	0.150000467161446	0.0916579234910554
m4	58	Egg	2	2	0.1	1.1582413895014	0.270336655341178	87.8190850356544	0.910416666666667	0.451119047619048	0.205390283556005	0.373646523781503
m5	58	Egg	2	2	0.1	1.64714053766038	0.290517203789713	96.4409187819741	0.763821138211382	0.2705	0.187578104700219	0.180654152734644
m6	58	Egg	2	2	0.1	0.981710887092817	0.268347509364298	91.6381700827884	0.940740740740741	0.454845238095238	0.210739064953702	0.381376840894432
m7	58	Egg	2	2	0	0.479217287094107	0.179906704897243	90.6642200269681	0.95006105006105	0.4625	0.231537239900375	0.388969499924825
m1	59	Egg	2	2	0	0.324805359028519	0.13249416946031	105.957636772067	0.97979797979798	0.536428571428571	0.219563433709685	0.464137321422442
m2	59	Egg	2	2	0	0.27442256607774	0.122623246593147	77.7878015499401	0.977777777777778	0.547833333333333	0.233437141312366	0.481087902871117
m3	59	Egg	2	2	0	1.12032453431042	0.160601671087826	60.4560801407065	0.861360544217687	0.209333333333333	0.156488748973833	0.129703099978908
m4	59	Egg	2	2	1e-04	0.586321025187193	0.404065951364303	89.7884972901375	0.958815958815959	0.506619047619048	0.213978543669927	0.426111015113944
m5	59	Egg	2	2	0.1	1.36110247662003	0.246379223859571	76.0943792584592	0.86015873015873	0.372571428571429	0.210430414276045	0.291336725026354
m6	59	Egg	2	2	1e-04	0.789993608962437	0.69550313039859	97.3127273448828	0.932258064516129	0.472059523809524	0.234795707429962	0.396847004574955
m7	59	Egg	2	2	0	0.56054590989018	0.166650195966813	90.6642200269681	0.959259259259259	0.441583333333333	0.177477590608605	0.363094857261831
m1	60	Egg	2	2	0.1	0.893758593832046	0.354002765599371	99.8190850428829	0.92952380952381	0.469190476190476	0.256541308210208	0.391517119468553
m2	60	Egg	2	2	0.1	0.941474416793225	0.303223445926586	109.568436444904	0.937559523809524	0.500357142857143	0.258898555535221	0.439620977995149
m3	60	Egg	2	2	0	1.1314955127129	0.240453808159935	60.4560801407065	0.875192012288787	0.175130952380952	0.153353648936189	0.0881915321141117
m4	60	Egg	2	2	0.1	1.11354574660904	0.390941507559903	87.8190850356544	0.915714285714286	0.458917748917749	0.23367685302465	0.38328766817361
m5	60	Egg	2	2	0.1	1.62092674322284	0.352292293919903	96.4409187819741	0.783908045977011	0.255119047619048	0.204182310853355	0.179824687239469
m6	60	Egg	2	2	0.1	1.11606931885392	0.272265768282982	91.6381700619051	0.883950617283951	0.420952380952381	0.209638835451339	0.351221477612723
m7	60	Egg	2	2	0.1	1.21547707600658	0.321585423500021	81.3642625039575	0.881111111111111	0.432452380952381	0.201463317305189	0.36097297081598
m1	61	Egg	2	2	0.1	0.871060529903518	0.310308495095232	87.8190850447481	0.948373983739837	0.553666666666667	0.241564057906473	0.490758409083742
m2	61	Egg	2	2	0.1	1.09425109705438	0.264720698411788	87.819085034657	0.928053830227743	0.521833333333333	0.252651042778519	0.461299668602818
m3	61	Egg	2	2	0	1.14290018771015	0.186749121889829	60.4560801407065	0.870476190476191	0.214869047619048	0.16040320444663	0.132805408676809
m4	61	Egg	2	2	1e-04	0.995348571762534	0.810993662768061	75.819085034997	0.943518518518519	0.55327380952381	0.243143474395408	0.484209247646007
m5	61	Egg	2	2	0.1	1.58457682214601	0.214598990641597	84.7441617171669	0.786781609195402	0.2675	0.175145221522819	0.186920875278479
m6	61	Egg	2	2	0.1	1.11110467281709	0.33668564505565	81.3642625352823	0.916203703703704	0.442	0.209933494697444	0.353019267402813
m7	61	Egg	2	2	0.1	1.2253308039262	0.289090497148223	81.3642625039575	0.889460784313725	0.388904761904762	0.216539169312055	0.322094219600366
m1	62	Egg	2	2	0	0.16064174821338	0.327094800721971	113.67446493578	1	0.659547619047619	0.246565657937973	0.606113132064784
m2	62	Egg	2	2	0	4.86588654469775e-06	4.10364358718389e-06	106.281362427275	1	0.719714285714286	0.255642945272505	0.674963469182139
m3	62	Egg	2	2	0	1.14521440908448	0.175430927564616	60.4560801407065	0.881372549019608	0.188238095238095	0.166313468259355	0.120494436639686
m4	62	Egg	2	2	1e-04	0.458819066569159	0.500829027316126	84.2574606650717	1	0.591261904761905	0.244839324003391	0.528965723686784
m5	62	Egg	2	2	0.1	1.3423261441424	0.213671432361724	76.0943792035406	0.876754385964912	0.343833333333333	0.186686106601779	0.269316033842106
m6	62	Egg	2	2	1e-04	0.515667572624372	0.617206345706738	87.8190850378868	0.972590011614402	0.667142857142857	0.254715711041785	0.611387586686648
m7	62	Egg	2	2	0	0.25281740115559	0.142391595228003	99.0417436836561	0.965079365079365	0.607083333333333	0.246178119133837	0.542114052423545
m1	63	Egg	2	2	0	0.451410840621917	0.779886827111391	89.7075713347206	0.986021505376344	0.552690476190476	0.198830053117419	0.480186679547559
m2	63	Egg	2	2	0	0.24079985167559	0.134018788889843	77.7878015499401	0.986813186813187	0.574071428571429	0.226723605273286	0.509275875316938
m3	63	Egg	2	2	0	1.08823954441615	0.189816548819973	60.4560801407065	0.902702702702703	0.212488095238095	0.183490098624745	0.136687630982404
m4	63	Egg	2	2	1e-04	0.688683373514011	0.433108276419375	89.7885101284628	0.98	0.502265873015873	0.197869838532771	0.420771200857943
m5	63	Egg	2	2	0.1	1.35549838944255	0.238474754926009	76.0943792584592	0.871904761904762	0.299404761904762	0.204652636762618	0.220546817000255
m6	63	Egg	2	2	0.1	0.920801158769103	0.211180184771569	81.5332625075148	0.930263157894737	0.434511904761905	0.235607220268411	0.367009569449506
m7	63	Egg	2	2	0	0.525411972106976	0.171524466468987	90.6642200269681	0.961851851851852	0.457630952380952	0.200961129884273	0.376312500612894
m1	64	Egg	2	2	0	0.241737497344958	0.148670636498593	93.7940912459312	0.977777777777778	0.591095238095238	0.22417601730747	0.518850581779268
m2	64	Egg	2	2	0	0.253615969307434	0.110095472432164	98.1348724046526	0.973958333333333	0.601297619047619	0.262881072794414	0.541521514382249
m3	64	Egg	2	2	0	1.13229246676714	0.236319180380467	60.4560801407065	0.886486486486487	0.200321428571429	0.171676562832892	0.128009850366959
m4	64	Egg	2	2	0	0.276340603800811	0.142818503839936	98.7322029977517	0.973809523809524	0.584678571428571	0.21040148169214	0.516141367551847
m5	64	Egg	2	2	0	0.866728421047473	0.1727381268227	66.8961916833635	0.928932178932179	0.315464285714286	0.178864557791361	0.241360139398241
m6	64	Egg	2	2	0	0.485771072924251	0.183983831942266	85.6867534981474	0.95	0.44702380952381	0.237201153175861	0.363048194868162
m7	64	Egg	2	2	0	0.559848429362545	0.178358886687146	90.6642200269681	0.941486291486291	0.44247619047619	0.197774361332333	0.363605691134466
m1	65	Egg	2	2	0.1	0.973083329363079	0.320709666860468	98.9172540868232	0.919047619047619	0.544095238095238	0.223511637441404	0.478869765202336
m2	65	Egg	2	2	0.1	0.968274253306773	0.257292659301396	109.568436444904	0.951709401709402	0.484928571428571	0.246024078221527	0.417501358595474
m3	65	Egg	2	2	0	1.18561468484646	0.197916305769063	60.4560801407065	0.882017543859649	0.191035714285714	0.162701708251563	0.12093905786014
m4	65	Egg	2	2	0.1	1.28370338126892	0.3223861776299	89.5451774874558	0.883333333333333	0.49802380952381	0.233168128487528	0.423363596669644
m5	65	Egg	2	2	0.1	1.84114304188775	0.332022929074089	76.6355324679196	0.755032467532468	0.292464285714286	0.195301660175844	0.21881583590432
m6	65	Egg	2	2	0.1	1.14209507386321	0.283343653215458	98.7725887402106	0.904824561403509	0.546428571428571	0.209885204744991	0.473387525331399
m7	65	Egg	2	2	0.1	1.25493184418617	0.298080227449208	81.3642625039575	0.888247863247863	0.404071428571429	0.217242782833484	0.338274214399158
m1	66	Egg	2	2	0.1	1.15339976961265	0.388066759439909	99.8190850428829	0.874386724386724	0.449190476190476	0.216923392613386	0.372145661342291
m2	66	Egg	2	2	0.1	0.941815938164784	0.272703074290302	109.568436444904	0.956018518518518	0.492460317460317	0.24245064411938	0.425522091012362
m3	66	Egg	2	2	0	1.1389784447145	0.207128354263442	60.4560801407065	0.897683397683398	0.211630952380952	0.175740577055325	0.140888466810117
m4	66	Egg	2	2	0.1	1.21913351840548	0.372188243799849	88.082379147922	0.918627450980392	0.434277777777778	0.206063883566092	0.356881783008797
m5	66	Egg	2	2	0.1	1.73220179028541	0.31997095498109	96.4409187819741	0.737229437229437	0.229964285714286	0.176651702428826	0.152183367692075
m6	66	Egg	2	2	0.1	1.22848810013168	0.433090156550463	91.6381700619051	0.855555555555556	0.445035714285714	0.213240533672633	0.370344780582994
m7	66	Egg	2	2	0.1	1.26992701330074	0.274773295197727	81.3642625039575	0.867980295566502	0.389523809523809	0.214256852313156	0.32096985920455
m1	67	Egg	2	2	0	0.298620151087305	0.18484492512303	93.7940912459312	0.986177248677249	0.590369047619048	0.223430549075542	0.520833747118446
m2	67	Egg	2	2	0	0.269770683604015	0.14771951760549	98.1348724046526	0.965503875968992	0.58597619047619	0.226069787553431	0.513578118498387
m3	67	Egg	2	2	0	1.12432309805972	0.222170557120379	60.4560801407065	0.884848484848485	0.188095238095238	0.174999222871647	0.119172914084954
m4	67	Egg	2	2	0	0.248002350978173	0.138272034900495	98.7322029977517	0.985271317829457	0.598464285714286	0.23832031779447	0.533155015761797
m5	67	Egg	2	2	0	0.878838099919197	0.184077112599338	66.8961916833635	0.904878048780488	0.348857142857143	0.170441173269347	0.269061151610548
m6	67	Egg	2	2	0	0.498295490072089	0.122402147524029	85.6867534981474	0.951626016260163	0.479154761904762	0.201324698504096	0.400600366132155
m7	67	Egg	2	2	0	0.521520564942262	0.137538372618945	90.6642200269681	0.959407665505226	0.483261904761905	0.202807731258837	0.411559399599102
m1	68	Egg	2	2	0.1	0.838943114365655	0.24745186798336	117.089594623633	0.974263038548753	0.511059523809524	0.235994538443726	0.442287754535475
m2	68	Egg	2	2	0	0.283649466276332	0.120575742077552	77.7878015499401	0.97998712998713	0.573309523809524	0.233006784042908	0.505868227435183
m3	68	Egg	2	2	0	1.17084924076103	0.147906243942811	60.4560801407065	0.860493827160494	0.188047619047619	0.147977899411113	0.117360065536133
m4	68	Egg	2	2	0.1	1.11775308884551	0.333230215382784	87.8190850356544	0.930764411027569	0.469440476190476	0.231433627259961	0.397810483181913
m5	68	Egg	2	2	0.1	1.67405640971347	0.323924594931048	96.4409187819741	0.776923076923077	0.281892857142857	0.179680322822842	0.200210725044924
m6	68	Egg	2	2	0.1	1.04416614734471	0.284065411258352	91.6381700827884	0.908188153310104	0.427083333333333	0.232956964410724	0.349367413572887
m7	68	Egg	2	2	0	0.56599717292399	0.223228879130364	90.6642200269681	0.959756097560976	0.451630952380952	0.229312936585173	0.374324237171874
m1	69	Egg	2	2	0	0.415997920108437	0.522812105405702	89.7075713344608	0.979037267080745	0.585988095238095	0.23321574417979	0.516492897015121
m2	69	Egg	2	2	0	0.225596093743072	0.136822847266205	98.1348724046526	0.978947368421053	0.577988095238095	0.249192590623497	0.513196069980637
m3	69	Egg	2	2	0	1.12863749096549	0.146635204227265	60.4560801407065	0.881609195402299	0.217305555555556	0.142895316001063	0.13300670285082
m4	69	Egg	2	2	1e-04	0.848213830659967	0.580955781909847	89.7884972901375	0.985574229691877	0.449075396825397	0.215333729703638	0.369541525001587
m5	69	Egg	2	2	0.1	1.38727762742574	0.237966581256029	76.0943792584592	0.837301587301587	0.33772619047619	0.190861780156086	0.252398271465122
m6	69	Egg	2	2	0.1	0.896222758792634	0.212553521495656	81.3642625034464	0.93578431372549	0.461714285714286	0.246581898980874	0.398424400480566
m7	69	Egg	2	2	0	0.536558684025609	0.162764602610972	90.6642200269681	0.935526315789474	0.4425	0.207624369170276	0.359297224734569
m1	70	Egg	2	2	0.1	0.904061059602383	0.279953170832413	117.089594623633	0.947435897435897	0.49047619047619	0.214418482732227	0.410339033413652
m2	70	Egg	2	2	0	0.262267728171262	0.156839634124749	77.7878015499401	0.968571428571429	0.568952380952381	0.239384178277401	0.498222261853181
m3	70	Egg	2	2	0	1.19306406335147	0.182746489601838	60.4560801407065	0.87258064516129	0.172630952380952	0.1460918745611	0.0980544341667645
m4	70	Egg	2	2	0.1	1.0781461518156	0.335326135524783	88.082379147922	0.934803921568627	0.44347619047619	0.250041481704783	0.378878465702342
m5	70	Egg	2	2	0.1	1.64347235601601	0.318928271867055	96.4409187819741	0.76792328042328	0.252738095238095	0.184392496217463	0.179846018489837
m6	70	Egg	2	2	0.1	0.955783073539877	0.305678240882368	91.8155001011868	0.918055555555556	0.45997619047619	0.219741798751628	0.382695487322048
m7	70	Egg	2	2	0	0.526691297740718	0.186183627706115	90.6642200269681	0.955982905982906	0.448928571428571	0.213435965475556	0.37796390513346
m1	71	Egg	2	2	0.1	0.860942194431677	0.22003100612287	87.8190850447481	0.945945945945946	0.502678571428571	0.224508784450772	0.429318961379072
m2	71	Egg	2	2	0.1	0.960410882011911	0.24595129144668	109.568436444904	0.948717948717949	0.524714285714286	0.244412532352208	0.465022935744711
m3	71	Egg	2	2	0	1.16823761757595	0.186744620943297	60.4560801407065	0.866607142857143	0.202952380952381	0.166312108263215	0.122805683309479
m4	71	Egg	2	2	1e-04	1.02271808586178	1.05256219155156	75.819085034997	0.925757575757576	0.607928571428571	0.241930878205655	0.542105471970452
m5	71	Egg	2	2	0.1	1.65359371558005	0.319997750397699	68.9991949009798	0.8	0.239821428571429	0.164257773362725	0.171104586169792
m6	71	Egg	2	2	0.1	1.10631146960635	0.349819201977788	81.3642625352823	0.889351851851852	0.440507936507937	0.209736566080719	0.361703643767862
m7	71	Egg	2	2	0.1	1.33920851820288	0.244931699568179	81.3642625039575	0.861752136752137	0.408190476190476	0.192273959551616	0.336133787500154
m1	72	Egg	2	2	0.1	1.1030913389076	0.344959459466899	98.949408749939	0.931428571428571	0.489547619047619	0.216873344120479	0.40541503429431
m2	72	Egg	2	2	0.1	0.964352877342266	0.248085043573092	87.819085034657	0.947619047619048	0.527714285714286	0.245803441062934	0.460280611330033
m3	72	Egg	2	2	0	1.11777823291287	0.209008744826893	60.4560801407065	0.866239316239316	0.185214285714286	0.151390288858586	0.0953757395411131
m4	72	Egg	2	2	0.1	1.28245365146578	0.273116413202965	77.5451774927466	0.918686868686869	0.463404761904762	0.244776777659048	0.397306730367214
m5	72	Egg	2	2	0.1	1.95261899433471	0.274239047951765	87.6573074605077	0.680072463768116	0.208904761904762	0.165464855432748	0.131093174471592
m6	72	Egg	2	2	0.1	1.36271293798615	0.41471833001613	92.3177662488126	0.866333333333333	0.352821428571429	0.201465806791204	0.277550501068198
m7	72	Egg	2	2	0.1	1.23431250846186	0.291331710853128	81.3642625039575	0.866666666666667	0.434428571428571	0.211854742760343	0.358955654702231
m1	73	Egg	2	2	0	0.244379757985533	0.144512972637743	93.7940912459312	0.969191919191919	0.552666666666667	0.258081550961248	0.483644211386448
m2	73	Egg	2	2	0	0.278017848850247	0.117376253496182	98.1348724046526	0.968390804597701	0.537071428571429	0.229875990686634	0.466836285230522
m3	73	Egg	2	2	0	1.07511030170922	0.152137772275924	60.4560801407065	0.872312925170068	0.219833333333333	0.173476640976193	0.14122251218526
m4	73	Egg	2	2	0	0.275603966671806	0.14763102786659	98.7322029977517	0.977941176470588	0.558607142857143	0.225554843129589	0.492683734150197
m5	73	Egg	2	2	0	0.937509581255869	0.179852200804529	66.8961916833635	0.897311827956989	0.300190476190476	0.160960762665598	0.225652656486496
m6	73	Egg	2	2	0	0.571352676543908	0.195911176328543	85.6867534981474	0.949166666666667	0.450333333333333	0.193623371724865	0.37018003863254
m7	73	Egg	2	2	0	0.544317136396396	0.210069920963903	90.6642200269681	0.95	0.421357142857143	0.204853178030873	0.337413242816073
m1	74	Egg	2	2	0	0.230289445891934	0.150281375714484	93.7940912459312	0.974786324786325	0.577559523809524	0.256178176800108	0.508088727689171
m2	74	Egg	2	2	0	0.252526107570639	0.143072982797033	77.7878015499401	0.964285714285714	0.569976190476191	0.252970769542688	0.496964143536226
m3	74	Egg	2	2	0	1.17093438249005	0.202066307701102	60.4560801407065	0.876301218161683	0.202119047619048	0.160763009021805	0.120690911080849
m4	74	Egg	2	2	0	0.253405660638522	0.158715448754712	77.7681643818055	0.982828282828283	0.558107142857143	0.231819263308862	0.482904969817729
m5	74	Egg	2	2	0	0.922932534485249	0.187206851898647	66.8961916833635	0.892424242424242	0.314880952380952	0.175125931006115	0.232304066931552
m6	74	Egg	2	2	0	0.583793434123407	0.15879100169796	85.6867534981474	0.939412360688956	0.460119047619048	0.183429781355568	0.371298406713407
m7	74	Egg	2	2	0	0.520327781378167	0.196364305166443	90.6642200269681	0.956201550387597	0.468809523809524	0.219707087060335	0.386204981442322
m1	75	Egg	2	2	0	0.274013253346358	0.133729435527081	93.7940912459312	0.969444444444444	0.578190476190476	0.211428961428602	0.505739709413178
m2	75	Egg	2	2	0	0.272158871529409	0.138869121941278	98.1348724046526	0.977906976744186	0.596035714285714	0.258726620641271	0.532436757979936
m3	75	Egg	2	2	0	1.14009208169925	0.219281196113225	60.4560801407065	0.890940766550523	0.203928571428571	0.147151027308506	0.124355611383238
m4	75	Egg	2	2	0	0.300468969241562	0.116442716874971	98.7322029977517	0.967391304347826	0.591595238095238	0.234963398227486	0.526996172042238
m5	75	Egg	2	2	0	0.834799028865002	0.23711362833596	66.8961916833635	0.913333333333333	0.337404761904762	0.201226880933226	0.258156952472561
m6	75	Egg	2	2	0	0.528982375794943	0.18408598079728	85.6867534981474	0.95	0.43552380952381	0.195287781544701	0.353107914432325
m7	75	Egg	2	2	0	0.523916784040314	0.15718361588442	90.6642200269681	0.95077519379845	0.459535714285714	0.196155157929892	0.383232107199131
m1	76	Egg	2	2	1e-04	0.575782514876604	0.695940335272473	87.8190850463524	0.967901234567901	0.555261904761905	0.21725727953065	0.484833452870069
m2	76	Egg	2	2	0	0.241259650375277	0.133209752650672	77.7878015499401	0.987142857142857	0.54884126984127	0.236055083267207	0.479539734409769
m3	76	Egg	2	2	0	1.11118740490209	0.153054893215724	60.4560801407065	0.875724637681159	0.21618253968254	0.179767727640307	0.135278567535556
m4	76	Egg	2	2	0.1	1.04417452739924	0.263213801057043	75.819085034997	0.925980392156863	0.507404761904762	0.242652370781019	0.435918162225221
m5	76	Egg	2	2	0.1	1.53757453789152	0.356717653279742	84.7441617171669	0.835135135135135	0.231821428571429	0.18633898698536	0.160052781935988
m6	76	Egg	2	2	0.1	0.959750015645519	0.175589717824309	97.0489964588078	0.946581196581197	0.41502380952381	0.213684607971025	0.335833767999823
m7	76	Egg	2	2	0	0.539344617430525	0.117049978362969	90.6642200269681	0.953947368421053	0.433642857142857	0.195466409107191	0.360258726420344
m1	77	Egg	2	2	0.1	0.940991154651321	0.354704297137416	117.089594623633	0.937878787878788	0.492690476190476	0.249091952447649	0.423180886989927
m2	77	Egg	2	2	0	0.286197704488272	0.0966221898441724	98.1348724046526	0.967857142857143	0.576821428571429	0.226985921583941	0.505726831819941
m3	77	Egg	2	2	0	1.11656354175699	0.190977823817315	60.4560801407065	0.894905869324474	0.205166666666667	0.17721322666025	0.128125630165241
m4	77	Egg	2	2	0.1	1.09345869348177	0.267081195914325	88.082379147922	0.94859943977591	0.441928571428571	0.240825589469627	0.372086112623981
m5	77	Egg	2	2	0.1	1.59957534753088	0.333198090007567	96.4409187819741	0.811033681765389	0.254654761904762	0.177990565214406	0.181326112627986
m6	77	Egg	2	2	0.1	1.08115640612591	0.336422716913604	91.6381700827884	0.891755952380952	0.468428571428571	0.219320983512378	0.396688467763737
m7	77	Egg	2	2	0	0.579453484885571	0.188936629223213	90.6642200269681	0.947812097812098	0.418416666666667	0.200776928319967	0.345432974642643
m1	78	Egg	2	2	0.1	0.971361535160657	0.435136231729722	99.8190850428829	0.93287037037037	0.474619047619048	0.240500648821202	0.400488615877318
m2	78	Egg	2	2	0.1	0.990848130370827	0.237133658783295	109.568436444904	0.944186046511628	0.509047619047619	0.242709732776016	0.441383420290782
m3	78	Egg	2	2	0	1.17870591005357	0.198556594235302	60.4560801407065	0.907456140350877	0.193833333333333	0.176997584240448	0.127971393867525
m4	78	Egg	2	2	0.1	1.06817771378224	0.201216940798069	88.082379147922	0.94047619047619	0.476464285714286	0.229222848132362	0.407000120556618
m5	78	Egg	2	2	0.1	1.64793486380843	0.241073210227906	96.4409187819741	0.763980463980464	0.280130952380952	0.202844353529078	0.1988390481337
m6	78	Egg	2	2	0.1	1.26968268111155	0.361724472199254	91.6381700619051	0.844444444444444	0.423642857142857	0.207696857757908	0.344187098412144
m7	78	Egg	2	2	0.1	1.23454017128918	0.271071701924041	81.3642625039575	0.883125	0.407297619047619	0.21215252518068	0.342942769840641
m1	79	Egg	2	2	0.1	0.860332330179309	0.266139157183645	99.9881930695949	0.959666666666667	0.550214285714286	0.228664376794415	0.485946200557954
m2	79	Egg	2	2	0	0.251636047124519	0.140028351063416	77.7878015499401	0.983544973544973	0.616190476190476	0.235165719821377	0.550449118455218
m3	79	Egg	2	2	0	1.16696369475125	0.20010473373167	60.4560801407065	0.885	0.196277777777778	0.15706018651757	0.117262918522381
m4	79	Egg	2	2	0.1	1.02302444729645	0.272938033402433	88.082379147922	0.933862433862434	0.467789682539683	0.223334942751896	0.399091646345303
m5	79	Egg	2	2	0.1	1.72872348491172	0.371835527226791	96.4409187819741	0.74875	0.237595238095238	0.190206126187052	0.159440355919471
m6	79	Egg	2	2	0.1	1.04912040574896	0.244240217078496	91.6381700827884	0.912406015037594	0.453321428571429	0.226972919164965	0.386624742515678
m7	79	Egg	2	2	0	0.50973633464958	0.163842168242043	71.3596387160643	0.957207207207207	0.452238095238095	0.202611791503604	0.376986445721864
m1	80	Egg	2	2	0.1	1.12794697416938	0.336159081253662	129.337322872169	0.919570267131243	0.452940476190476	0.197291308333137	0.383584393969801
m2	80	Egg	2	2	0.1	0.995680185340659	0.198076791043771	109.568436444904	0.934166666666667	0.503940476190476	0.218834247289906	0.437581147959189
m3	80	Egg	2	2	0	1.19110578643542	0.179999202915162	60.4560801407065	0.882558139534884	0.195619047619048	0.144631327022592	0.119176141653205
m4	80	Egg	2	2	0.1	1.42587124264414	0.36190097792187	89.5451774823777	0.860526315789474	0.419761904761905	0.225430928968876	0.3448385370918
m5	80	Egg	2	2	0.1	2.0472485897098	0.323527874898507	99.3745296796757	0.667105263157895	0.198297619047619	0.160952805651765	0.118605183779965
m6	80	Egg	2	2	0.1	1.46472850111088	0.360291641874291	102.591673796152	0.833823529411765	0.382166666666667	0.212660852308082	0.304267326853395
m7	80	Egg	2	2	0.1	1.19292371484401	0.280431816051706	81.3642625039575	0.891085271317829	0.43452380952381	0.22732607770715	0.359589594943924
m1	81	Egg	2	2	0.1	0.977795305422064	0.380201119639449	99.8190850428829	0.92479674796748	0.478071428571429	0.217042365705316	0.394262684406407
m2	81	Egg	2	2	0.1	1.01660421912078	0.253277343121761	87.819085034657	0.939189189189189	0.522035714285714	0.2126847828304	0.45086037404611
m3	81	Egg	2	2	0	1.14297699372504	0.161224832765377	60.4560801407065	0.882330827067669	0.214436507936508	0.13486793597752	0.124111293607983
m4	81	Egg	2	2	0.1	1.12969301445605	0.183043701057143	88.082379147922	0.949122807017544	0.44952380952381	0.220380431885435	0.372993988430643
m5	81	Egg	2	2	0.1	1.69098237454376	0.341648871364114	78.1873718245148	0.767307692307692	0.214285714285714	0.168805421008737	0.139081556224384
m6	81	Egg	2	2	0.1	1.14759567665399	0.346775650390097	91.6381700619051	0.885	0.43925	0.229168483217128	0.370044133541002
m7	81	Egg	2	2	0.1	1.26926752146738	0.289436560738207	81.6656507692951	0.867682926829268	0.412940476190476	0.210608898174636	0.33499881858949
m1	82	Egg	2	2	0.1	0.936857074030508	0.303269783960191	87.8190850447481	0.918650793650794	0.473071428571429	0.228358811395125	0.400011014963478
m2	82	Egg	2	2	0.1	0.985387677001299	0.29818320493523	109.568436444904	0.93034188034188	0.524011904761905	0.23501318419692	0.461866065779536
m3	82	Egg	2	2	0	1.08987880509336	0.192115571245806	60.4560801407065	0.878921568627451	0.202488095238095	0.178969101449634	0.123107839213499
m4	82	Egg	2	2	1e-04	1.02707812069677	0.853166904875375	75.819085034997	0.957456140350877	0.565666666666667	0.233003806734308	0.4902805957781
m5	82	Egg	2	2	0.1	1.67125111530406	0.304975056945645	68.9991949009798	0.771171171171171	0.240642857142857	0.172601757273748	0.168353710463796
m6	82	Egg	2	2	0.1	1.08451249901026	0.340963519130619	81.3642625352823	0.913392857142857	0.421515873015873	0.233674607597756	0.354939496933819
m7	82	Egg	2	2	0.1	1.288911810508	0.331517577682983	81.6656507692951	0.872413793103448	0.404321428571429	0.189987623101885	0.327266208014995
m1	83	Egg	2	2	1e-04	0.0321006046656351	0.0585660514581672	113.183324209386	1	0.708142857142857	0.233340985042054	0.661738170170725
m2	83	Egg	2	2	0	5.49813399097319e-06	4.24033519167386e-06	106.281362427275	1	0.727880952380952	0.263854367432443	0.685069479870454
m3	83	Egg	2	2	0	1.07928758433604	0.140400555745145	60.4560801407065	0.880357142857143	0.257880952380952	0.169288352664417	0.167682522380814
m4	83	Egg	2	2	1e-04	0.810787689171815	1.22274255450589	87.8190850302356	0.964957264957265	0.584047619047619	0.253712556164994	0.52309846963063
m5	83	Egg	2	2	0.1	1.62148733305582	0.367609758139807	76.3328736566155	0.834559884559885	0.239654761904762	0.184957069827185	0.169277343626833
m6	83	Egg	2	2	1e-04	0.0577628232919575	0.0980607136351267	116.041492788421	1	0.664571428571429	0.269259469561018	0.61681550433085
m7	83	Egg	2	2	0	0.287314007550713	0.123229120435655	99.0417436836561	0.977284427284427	0.569452380952381	0.221799240559476	0.502025500370707
m1	84	Egg	2	2	1e-04	0.543755411949127	0.756555132605661	87.8190850463524	0.972058823529412	0.591809523809524	0.246237711116448	0.529859081808199
m2	84	Egg	2	2	0	0.30197437203813	0.118557740516124	77.7878015499401	0.963095238095238	0.574178571428571	0.1825652230548	0.503879875881224
m3	84	Egg	2	2	0	1.13878688337251	0.185295878826638	60.4560801407065	0.881196581196581	0.202238095238095	0.150771176270043	0.117049511319505
m4	84	Egg	2	2	1e-04	0.995244603944692	0.796845893467464	75.819085034997	0.944308943089431	0.575130952380952	0.230396757981359	0.502813711071902
m5	84	Egg	2	2	0.1	1.64183156594183	0.293333164509948	84.7441617171669	0.800223214285714	0.248630952380952	0.180935163401404	0.173487420310453
m6	84	Egg	2	2	0.1	1.04179744954623	0.338406851940056	81.3642625123125	0.935714285714286	0.409964285714286	0.200623302581474	0.336527613996784
m7	84	Egg	2	2	0	0.554505066204703	0.14928610453354	90.6642200269681	0.954444444444444	0.437083333333333	0.197987016306479	0.365394537294538
m1	85	Egg	2	2	0	0.159418587519431	0.346645798257916	113.67446493578	1	0.648309523809524	0.256771661027236	0.586115734401486
m2	85	Egg	2	2	0	3.24994853606987e-06	3.43132844518651e-06	106.281362427275	1	0.694595238095238	0.240982697047385	0.643721039403904
m3	85	Egg	2	2	0	1.1258161924393	0.179422025590875	60.4560801407065	0.867619047619048	0.179238095238095	0.171333039492321	0.102415681261336
m4	85	Egg	2	2	1e-04	0.486195849713921	0.511389939300671	84.2574606650717	1	0.579809523809524	0.222609557302992	0.513409344394899
m5	85	Egg	2	2	0.1	1.37313711125466	0.223470133489951	76.0943792035406	0.869105691056911	0.312238095238095	0.19937659661956	0.240426280337111
m6	85	Egg	2	2	0.1	0.746636078467883	0.18907308749938	87.9950628915902	0.954421768707483	0.574035714285714	0.229336785242363	0.511521608755489
m7	85	Egg	2	2	0	0.249867317615331	0.138477779904597	99.0417436836561	0.983796296296296	0.573833333333333	0.223380432313317	0.511830491710803
m1	86	Egg	2	2	0	0.307734474596793	0.205104701930485	89.7075713344608	0.979047619047619	0.552904761904762	0.229533803538214	0.480629750940315
m2	86	Egg	2	2	0	0.254453444693047	0.150280468729969	77.7878015499401	0.972727272727273	0.57752380952381	0.219820384398699	0.504853479205202
m3	86	Egg	2	2	0	1.16930065418905	0.1827490228755	60.4560801407065	0.874937343358396	0.193083333333333	0.160710472849503	0.118539456606907
m4	86	Egg	2	2	1e-04	0.688888929945614	0.47979923979264	89.7884972901375	0.977941176470588	0.482357142857143	0.215471864085889	0.402147857551649
m5	86	Egg	2	2	0.1	1.34261407708393	0.220840888518016	76.0943792584592	0.862393162393162	0.338309523809524	0.194587394813247	0.258495760997246
m6	86	Egg	2	2	1e-04	0.751450808650532	0.683885849717324	81.5332625744406	0.961333333333333	0.46797619047619	0.232261966705193	0.391596221333492
m7	86	Egg	2	2	0	0.50661575610386	0.187096070577279	90.6642200269681	0.955833333333333	0.473714285714286	0.214823738017718	0.39510028646535
m1	87	Egg	2	2	0.1	0.869663997737891	0.316110056071366	108.000143860778	0.943452380952381	0.482738095238095	0.240509971243741	0.411868326888129
m2	87	Egg	2	2	0.1	0.952011540548559	0.289080350989242	109.568436444904	0.95047619047619	0.523166666666667	0.23332912576823	0.452275604383516
m3	87	Egg	2	2	0	1.18259766804034	0.156699398574634	60.4560801407065	0.886872586872587	0.170095238095238	0.149246763124591	0.107938290306799
m4	87	Egg	2	2	0.1	1.16080526245312	0.272496225249449	87.8190850311118	0.908441558441558	0.463404761904762	0.22475358263712	0.393207899169842
m5	87	Egg	2	2	0.1	1.74743639877168	0.298155403014963	98.5631001949824	0.768468468468469	0.227619047619048	0.16725348490188	0.148157924396445
m6	87	Egg	2	2	0.1	1.09851983927657	0.346690933247313	99.8190850432949	0.881196581196581	0.501928571428571	0.230324850484543	0.430305795629801
m7	87	Egg	2	2	0.1	1.32271471277723	0.292729334510653	81.6656507692951	0.844444444444444	0.408396825396825	0.201868609893811	0.326681242780516
m1	88	Egg	2	2	0	5.6218505674605e-06	5.998561461527e-06	102.186298958412	1	0.635357142857143	0.291017477006648	0.58221021135727
m2	88	Egg	2	2	0	6.145854001126e-06	6.64287012349224e-06	106.281362427275	1	0.675690476190476	0.266982628857885	0.62711243786052
m3	88	Egg	2	2	0	1.15106705888766	0.183522787747804	60.4560801407065	0.884166666666667	0.181809523809524	0.147401086587177	0.105818036914994
m4	88	Egg	2	2	0	0.259753128722466	0.156106079361465	87.6166034165935	0.975654761904762	0.58597619047619	0.244166671650216	0.515793675487093
m5	88	Egg	2	2	0	1.2292908578013	0.223093779201689	62.5178697606132	0.812903225806452	0.20184126984127	0.148702232926858	0.119620857949953
m6	88	Egg	2	2	0	0.217847367426551	0.146913243002326	94.5413490682615	0.975641025641026	0.525119047619048	0.239203379640322	0.446508594669158
m7	88	Egg	2	2	0	0.272651424203699	0.105702358666115	99.0417436836561	0.983928571428571	0.522738095238095	0.219980804692639	0.453861890767417
m1	89	Egg	2	2	0.1	0.991454799740084	0.38824667288903	99.8190850428829	0.929166666666667	0.458833333333333	0.238106792648927	0.381770746921361
m2	89	Egg	2	2	0.1	0.956079184435983	0.28209461151223	109.568436444904	0.926041666666667	0.469309523809524	0.23219847880165	0.4039442347931
m3	89	Egg	2	2	0	1.12535881945675	0.153934464535059	60.4560801407065	0.902222222222222	0.223797619047619	0.165750289025831	0.146514169729307
m4	89	Egg	2	2	0.1	1.09774270708836	0.24554064271585	110.733335145771	0.939035087719298	0.448952380952381	0.221398524962119	0.370447851268264
m5	89	Egg	2	2	0.1	1.65192696284746	0.194374014195745	96.4409187819741	0.781140350877193	0.275071428571429	0.177670633232626	0.182143646719404
m6	89	Egg	2	2	0.1	1.16885408872886	0.352051275618903	91.6381700619051	0.888333333333333	0.442690476190476	0.175388256958377	0.361966282944943
m7	89	Egg	2	2	0.1	1.26017900813318	0.281175473635953	102.482844290077	0.877450980392157	0.432357142857143	0.186782087969799	0.355510351382975
m1	90	Egg	2	2	0.1	1.03162618602617	0.325972205902601	99.8190850428829	0.911599511599512	0.4625	0.225908186928703	0.39014978574182
m2	90	Egg	2	2	0.1	0.924696329465442	0.221645574095242	109.568436444904	0.962083333333333	0.51715873015873	0.237086226579463	0.45227744442673
m3	90	Egg	2	2	0	1.14547761511889	0.164048879147869	60.4560801407065	0.895833333333333	0.188047619047619	0.148888235075499	0.114220143784661
m4	90	Egg	2	2	0.1	1.10305066915241	0.302779692324691	87.8190850356544	0.936764705882353	0.443646825396825	0.231687714733996	0.369768411216674
m5	90	Egg	2	2	0.1	1.67681009123079	0.243055816200962	96.4409187819741	0.777477477477477	0.263861111111111	0.164399624418919	0.176497071743159
m6	90	Egg	2	2	0.1	1.15887253268148	0.432018171971208	91.6381700619051	0.859243697478992	0.463904761904762	0.223516054153138	0.388535533641209
m7	90	Egg	2	2	0.1	1.13812761355451	0.249718888518079	102.482844290077	0.917291666666667	0.409297619047619	0.228824733818024	0.342800904005625
m1	91	Egg	2	2	0.1	0.910614799651882	0.31407597720303	87.8190850447481	0.936580086580087	0.548107142857143	0.226113509030989	0.481779968448465
m2	91	Egg	2	2	0.1	1.03950934347532	0.265685791517827	109.568436444904	0.92962962962963	0.49602380952381	0.214303632140628	0.429100730943761
m3	91	Egg	2	2	0	1.15206353940949	0.18753341686402	60.4560801407065	0.894444444444444	0.18347619047619	0.160056443181083	0.113621074053208
m4	91	Egg	2	2	0.1	1.08203665224334	0.240329565385636	75.819085034997	0.935470085470085	0.527047619047619	0.206357120505354	0.454256538251462
m5	91	Egg	2	2	0.1	1.62279736949572	0.194960407493092	84.7441617171669	0.807291666666667	0.271261904761905	0.185570239581827	0.195042122872753
m6	91	Egg	2	2	0.1	1.10096311784389	0.2984488774781	81.3642625352823	0.920847851335656	0.447134920634921	0.199009488723525	0.371103428182209
m7	91	Egg	2	2	0.1	1.20261425752129	0.270328592868104	81.3642625039575	0.9	0.432809523809524	0.213176966976222	0.358057195888651
m1	92	Egg	2	2	0.1	1.08068240824518	0.430069387555668	98.7725887481126	0.901937984496124	0.492214285714286	0.263583942108029	0.420041038212024
m2	92	Egg	2	2	0.1	1.01999698351529	0.339921070866905	87.819085034657	0.904166666666667	0.466785714285714	0.237311691716132	0.395544808301444
m3	92	Egg	2	2	0	1.12732605037862	0.171631447770403	60.4560801407065	0.898387096774193	0.185059523809524	0.153361161522062	0.107520978236108
m4	92	Egg	2	2	0.1	1.30353092329119	0.322562855637708	77.5451774927466	0.883333333333333	0.479595238095238	0.234300509227167	0.406628046605634
m5	92	Egg	2	2	0.1	1.97170481037052	0.344103267542226	87.6573074605077	0.7078125	0.181107142857143	0.16007472149132	0.115213374029419
m6	92	Egg	2	2	0.1	1.29763316713107	0.272607807655893	92.4855132020086	0.875714285714286	0.383607142857143	0.212899412831966	0.301951492347979
m7	92	Egg	2	2	0.1	1.27529586419952	0.392852913091269	81.3642625039575	0.853385416666667	0.416107142857143	0.219778061393661	0.342226621505843
m1	93	Egg	2	2	0.1	0.884389914296472	0.320342427203747	117.089594623633	0.960648148148148	0.473119047619048	0.20699706683895	0.391967380945578
m2	93	Egg	2	2	0	0.285272148032082	0.133476504037533	77.7878015499401	0.972222222222222	0.545964285714286	0.209818481228809	0.471569164455331
m3	93	Egg	2	2	0	1.12291721271368	0.169354350653209	60.4560801407065	0.870833333333333	0.213083333333333	0.151060890919932	0.13012321613309
m4	93	Egg	2	2	0.1	1.24982001898182	0.279409638948	87.8190850356544	0.88641456582633	0.433880952380952	0.223326429741584	0.363214278338928
m5	93	Egg	2	2	0.1	1.65049776859709	0.351465154640631	96.4409187819741	0.795161290322581	0.256333333333333	0.18224118262671	0.175077410334385
m6	93	Egg	2	2	0.1	1.06297196172505	0.354108179877071	91.6381700827884	0.909313725490196	0.457214285714286	0.212599709766228	0.387244844528029
m7	93	Egg	2	2	0	0.513041518312693	0.14283925321863	90.6642200269681	0.951152073732719	0.46402380952381	0.20618122116693	0.383022311067123
m1	94	Egg	2	2	1e-04	0.448319152778733	0.613084161166431	104.909639759228	0.971794871794872	0.590107142857143	0.255319821668282	0.521673178348747
m2	94	Egg	2	2	0	0.266679908506817	0.142647349979892	98.1348724046526	0.967567567567568	0.581428571428571	0.240048207344551	0.515434553626233
m3	94	Egg	2	2	0	1.12637856179301	0.181284163937191	60.4560801407065	0.89009009009009	0.208309523809524	0.155708429386529	0.12630621685579
m4	94	Egg	2	2	0.1	1.00127987834109	0.220472011132004	75.819085034997	0.948076923076923	0.494678571428571	0.208726966476558	0.420672495638037
m5	94	Egg	2	2	0.1	1.65494498686532	0.312963778773044	84.7441617171669	0.786507936507936	0.257166666666667	0.171925051666028	0.177282747853307
m6	94	Egg	2	2	1e-04	0.882431971127369	0.744083549806395	97.0489964588078	0.945495495495495	0.447404761904762	0.192943405253274	0.364424948989497
m7	94	Egg	2	2	0	0.522774011126069	0.147630771353163	90.6642200269681	0.951666666666667	0.45897619047619	0.228769969237626	0.375687121126465
m1	95	Egg	2	2	1e-04	0.738848611121212	0.8533941184208	104.909639759228	0.953667953667954	0.586452380952381	0.219181799305083	0.520892754817225
m2	95	Egg	2	2	0	0.270153634709685	0.149305009537624	77.7878015499401	0.973809523809524	0.60152380952381	0.220255812243193	0.533517409561667
m3	95	Egg	2	2	0	1.12849809971295	0.192655909873807	60.4560801407065	0.871929824561404	0.211952380952381	0.147948003504585	0.129800742480874
m4	95	Egg	2	2	1e-04	0.981563491158803	1.00045591931104	75.819085034997	0.93062015503876	0.592892857142857	0.234165162771162	0.528095823976551
m5	95	Egg	2	2	0.1	1.54320358643598	0.279082495950596	68.9991970470543	0.814444444444444	0.256666666666667	0.185138659722767	0.187960689743521
m6	95	Egg	2	2	0.1	1.01222894893868	0.279033950150112	81.5136106761733	0.929448621553885	0.461190476190476	0.202082795394856	0.38566471111178
m7	95	Egg	2	2	0	0.528487935116432	0.175667980300863	90.6642200269681	0.961666666666667	0.406345238095238	0.211662370285105	0.337566816791836
m1	96	Egg	2	2	0.1	0.988780008351556	0.309195535053576	98.7725887481126	0.932908163265306	0.471880952380952	0.22500288089449	0.403917967491858
m2	96	Egg	2	2	0.1	0.969609470691789	0.28553545029447	87.819085034657	0.933333333333333	0.468833333333333	0.247148027380556	0.403462278250304
m3	96	Egg	2	2	0	1.10478094604619	0.154008824266848	60.4560801407065	0.874137931034483	0.207130952380952	0.172702538648484	0.132014587181196
m4	96	Egg	2	2	0.1	1.31322019249119	0.322298134283898	77.5451774971802	0.882051282051282	0.456285714285714	0.249264136092887	0.384805082939135
m5	96	Egg	2	2	0.1	2.11475771324137	0.434506060547004	87.6573074605077	0.676576576576577	0.159083333333333	0.140962022468208	0.0944692482976062
m6	96	Egg	2	2	0.1	1.46963773597159	0.378908380724407	92.3177662488126	0.825238095238095	0.35252380952381	0.201644053549201	0.276693137875269
m7	96	Egg	2	2	0.1	1.2020267539652	0.328158015484346	81.3642625039575	0.88359375	0.433083333333333	0.222273126964376	0.357847099739441
m1	97	Egg	2	2	0.1	1.06616471564536	0.28612776673105	98.7725887481126	0.9265625	0.451916666666667	0.215019379970267	0.377661015394091
m2	97	Egg	2	2	0.1	0.982057775511584	0.253341651292229	109.568436444904	0.937745098039216	0.486607142857143	0.222879643332321	0.417613320755034
m3	97	Egg	2	2	0	1.14168613355246	0.204576010548266	75.1176995668	0.860752688172043	0.202412698412698	0.149655158916482	0.111719548497873
m4	97	Egg	2	2	0.1	1.328261803745	0.248796314204564	77.5451774944807	0.886838624338624	0.459571428571429	0.236400166232096	0.391811597442665
m5	97	Egg	2	2	0.1	2.04126712933048	0.406046888909988	87.6573074605077	0.713157894736842	0.18122619047619	0.154506936065452	0.117334447733319
m6	97	Egg	2	2	0.1	1.50200295646245	0.394356461718273	92.4855132020086	0.83843537414966	0.392154761904762	0.169350606047383	0.308164936355715
m7	97	Egg	2	2	0.1	1.32196117549526	0.275488866697313	81.3642625039575	0.87037037037037	0.385690476190476	0.213910872782957	0.316741762101982
m1	98	Egg	2	2	0.1	0.852889067982857	0.208034367696669	104.984417631995	0.952619047619048	0.481718253968254	0.250617413914787	0.411046364266379
m2	98	Egg	2	2	0.1	0.990321613724074	0.337875001247986	109.568436444904	0.948924731182796	0.466238095238095	0.230576418524901	0.395519122196994
m3	98	Egg	2	2	0	1.13728309171819	0.184726241978251	60.4560801407065	0.882478632478632	0.212484126984127	0.18345164886361	0.137902254834927
m4	98	Egg	2	2	1e-04	0.976399947105247	0.914446720805789	75.819085034997	0.958527131782946	0.605607142857143	0.227425446553136	0.542763889900209
m5	98	Egg	2	2	0.1	1.60325181941815	0.33395074653344	84.7441617171669	0.813063063063063	0.277547619047619	0.18367331188548	0.197654971905596
m6	98	Egg	2	2	0.1	1.1938113165308	0.370248167719002	81.3642625352823	0.883333333333333	0.416416666666667	0.174432414777699	0.329420930487823
m7	98	Egg	2	2	0.1	1.22607851543047	0.376606724545124	81.3642625039575	0.889393939393939	0.418571428571429	0.221363070680574	0.348906550399983
m1	99	Egg	2	2	0.1	1.0467913262546	0.309233723878905	98.7725887481126	0.911003861003861	0.47547619047619	0.243072848870908	0.404890110292794
m2	99	Egg	2	2	0.1	1.00023190638086	0.218889565611653	109.568436444904	0.93921568627451	0.474738095238095	0.25028234703091	0.408776761292498
m3	99	Egg	2	2	0	1.13108245386126	0.170063171868965	60.4560801407065	0.889705882352941	0.190119047619048	0.132733902594819	0.113817366860771
m4	99	Egg	2	2	0.1	1.18615802039049	0.267000628850933	77.7918511124337	0.919270833333333	0.470309523809524	0.236256113695747	0.401611203564679
m5	99	Egg	2	2	0.1	2.04073629450975	0.350478983108605	87.6573074605077	0.683771929824561	0.189904761904762	0.160200305800032	0.118496373330067
m6	99	Egg	2	2	0.1	1.35567694475111	0.436152035288664	92.4855132020086	0.870238095238095	0.377952380952381	0.191343509969836	0.297438689283051
m7	99	Egg	2	2	0.1	1.26158604883975	0.259179078313982	81.3642625039575	0.872876447876448	0.431964285714286	0.211373263696571	0.356108538052404
m1	100	Egg	2	2	0.1	0.873123897489904	0.269206280343432	117.089594623633	0.963821138211382	0.510523809523809	0.216346824272082	0.438220932429361
m2	100	Egg	2	2	0	0.293874411535565	0.103716914648024	77.7878015499401	0.971904761904762	0.582904761904762	0.221032006393612	0.509469434523483
m3	100	Egg	2	2	0	1.1547931095912	0.195983299875955	60.4560801407065	0.896296296296296	0.210630952380952	0.160172313585701	0.135188022565088
m4	100	Egg	2	2	0.1	1.20958839968207	0.235629926797188	88.082379147922	0.920652173913043	0.444738095238095	0.221311081751402	0.376307318209558
m5	100	Egg	2	2	0.1	1.75762490391386	0.355703116953459	96.4409187819741	0.74733893557423	0.264047619047619	0.199751686823495	0.187805689819235
m6	100	Egg	2	2	0.1	1.13589240895257	0.351282125819149	91.8155001011868	0.898571428571429	0.421642857142857	0.201470476937088	0.347113478371811
m7	100	Egg	2	2	0	0.501163517920123	0.144214318220157	90.6642200269681	0.963365800865801	0.484214285714286	0.207810525211756	0.406677976617294
